shape_id,shape_pt_lat,shape_pt_lon,shape_pt_sequence
994835960,34.926995,-81.026864,1
994835960,34.926995,-81.026864,2
994835960,34.926995,-81.026864,3
994835960,34.926148,-81.027799,4
994835960,34.926636,-81.02854,5
994835960,34.927536,-81.02701,6
994835960,34.92759,-81.026878,7
994835960,34.928044,-81.026045,8
994835960,34.928622,-81.025028,9
994835960,34.928961,-81.024303,10
994835960,34.929765,-81.0224,11
994835960,34.929872,-81.021936,12
994835960,34.929895,-81.021696,13
994835960,34.929977,-81.019906,14
994835960,34.930022,-81.019397,15
994835960,34.930157,-81.018849,16
994835960,34.930328,-81.018346,17
994835960,34.930468,-81.017996,18
994835960,34.9307,-81.017611,19
994835960,34.931131,-81.017138,20
994835960,34.931425,-81.016855,21
994835960,34.931733,-81.016652,22
994835960,34.931913,-81.016553,23
994835960,34.932753,-81.01616,24
994835960,34.932933,-81.016061,25
994835960,34.933147,-81.01592,26
994835960,34.933484,-81.015644,27
994835960,34.93387,-81.015247,28
994835960,34.934143,-81.01487,29
994835960,34.934373,-81.014448,30
994835960,34.934467,-81.014227,31
994835960,34.93455,-81.013995,32
994835960,34.934647,-81.013644,33
994835960,34.934736,-81.013115,34
994835960,34.93476,-81.012781,35
994835960,34.93476,-81.012781,36
994835960,34.934757,-81.012305,37
994835960,34.934732,-81.012034,38
994835960,34.934453,-81.009778,39
994835960,34.934404,-81.008942,40
994835960,34.934404,-81.008288,41
994835960,34.934532,-81.003873,42
994835960,34.934559,-81.003403,43
994835960,34.934638,-81.002964,44
994835960,34.934797,-81.002331,45
994835960,34.934976,-81.001835,46
994835960,34.935245,-81.001321,47
994835960,34.935575,-81.000828,48
994835960,34.935774,-81.000586,49
994835960,34.935926,-81.000409,50
994835960,34.936222,-81.00012,51
994835960,34.936417,-80.999961,52
994835960,34.938242,-80.998287,53
994835960,34.938569,-80.997961,54
994835960,34.938899,-80.997599,55
994835960,34.939445,-80.996844,56
994835960,34.939781,-80.996295,57
994835960,34.940142,-80.995566,58
994835960,34.940274,-80.995253,59
994835960,34.940545,-80.994495,60
994835960,34.940729,-80.993816,61
994835960,34.940729,-80.993816,62
994835960,34.940847,-80.993181,63
994835960,34.940939,-80.992402,64
994835960,34.940959,-80.992172,65
994835960,34.940977,-80.991428,66
994835960,34.941014,-80.980025,67
994835960,34.94101,-80.979591,68
994835960,34.941014,-80.979494,69
994835960,34.941017,-80.976641,70
994835960,34.941306,-80.976651,71
994835960,34.941369,-80.976639,72
994835960,34.941398,-80.976576,73
994835960,34.941411,-80.97645,74
994835960,34.941408,-80.97629,75
994835960,34.94136,-80.975851,76
994835960,34.941379,-80.975701,77
994835960,34.941422,-80.975599,78
994835960,34.941528,-80.975485,79
994835960,34.941675,-80.975398,80
994835960,34.942091,-80.975365,81
994835960,34.942288,-80.97538,82
994835960,34.943211,-80.975612,83
994835960,34.943572,-80.975568,84
994835960,34.943844,-80.975976,85
994835960,34.943844,-80.975976,86
994835960,34.944454,-80.976563,87
994835960,34.944537,-80.976702,88
994835960,34.944565,-80.97681,89
994835960,34.944599,-80.977078,90
994835960,34.944093,-80.978641,91
994835960,34.943857,-80.979463,92
994835960,34.943482,-80.979377,93
994835960,34.942898,-80.97942,94
994835960,34.942111,-80.979517,95
994835960,34.941381,-80.979586,96
994835960,34.94101,-80.979591,97
994835960,34.941017,-80.976177,98
994835960,34.940978,-80.975485,99
994835960,34.940901,-80.974856,100
994835960,34.940327,-80.971314,101
994835960,34.940177,-80.970229,102
994835960,34.941208,-80.971859,103
994835960,34.941442,-80.972165,104
994835960,34.941888,-80.97262,105
994835960,34.942152,-80.97283,106
994835960,34.942442,-80.973027,107
994835960,34.94317,-80.973403,108
994835960,34.94317,-80.973403,109
994835960,34.945478,-80.974596,110
994835960,34.949594,-80.976344,111
994835960,34.96008,-80.98087,112
994835960,34.96008,-80.98087,113
994835960,34.96856,-80.984538,114
994835960,34.973585,-80.986674,115
994835960,34.976545,-80.987955,116
994835960,34.977057,-80.988106,117
994835960,34.977057,-80.988106,118
994835960,34.977396,-80.988196,119
994835960,34.977969,-80.98829,120
994835960,34.978257,-80.988307,121
994835960,34.978832,-80.988291,122
994835960,34.979932,-80.9881,123
994835960,34.980595,-80.987896,124
994835960,34.98109,-80.987671,125
994835960,34.981746,-80.987253,126
994835960,34.987657,-80.983259,127
994835960,34.992437,-80.980069,128
994835960,34.993237,-80.979489,129
994835960,34.993237,-80.979489,130
994835960,34.994196,-80.978863,131
994835960,34.996036,-80.977611,132
994835960,34.998231,-80.976155,133
994835960,34.998646,-80.975848,134
994835960,35.001125,-80.974171,135
994835960,35.002251,-80.97335,136
994835960,35.003328,-80.972724,137
994835960,35.005271,-80.971879,138
994835960,35.006415,-80.971449,139
994835960,35.007219,-80.971222,140
994835960,35.008679,-80.970853,141
994835960,35.009565,-80.970698,142
994835960,35.009565,-80.970698,143
994835960,35.012602,-80.970109,144
994835960,35.015076,-80.969561,145
994835960,35.016468,-80.9693,146
994835960,35.021018,-80.968351,147
994835960,35.021793,-80.968226,148
994835960,35.023397,-80.967556,149
994835960,35.023688,-80.967413,150
994835960,35.024937,-80.966665,151
994835960,35.025773,-80.96583,152
994835960,35.02659,-80.964912,153
994835960,35.02659,-80.964912,154
994835960,35.026861,-80.964626,155
994835960,35.027044,-80.964404,156
994835960,35.027898,-80.965129,157
994835960,35.028106,-80.965334,158
994835960,35.028658,-80.965826,159
994835960,35.029385,-80.966421,160
994835960,35.029764,-80.966791,161
994835960,35.030422,-80.967365,162
994835960,35.02981,-80.968373,163
994835960,35.030166,-80.968795,164
994835960,35.03029,-80.969069,165
994835960,35.030325,-80.969274,166
994835960,35.030235,-80.969599,167
994835960,35.030208,-80.969651,168
994835960,35.029892,-80.969396,169
994835960,35.028756,-80.969283,170
994835960,35.028852,-80.967945,171
994835960,35.028991,-80.967999,172
994835960,35.029252,-80.968035,173
994835960,35.029607,-80.968187,174
994835960,35.02981,-80.968373,175
994835960,35.030422,-80.967365,176
994835960,35.029764,-80.966791,177
994835960,35.029385,-80.966421,178
994835960,35.028658,-80.965826,179
994835960,35.028106,-80.965334,180
994835960,35.027898,-80.965129,181
994835960,35.027044,-80.964404,182
994835960,35.02719,-80.964217,183
994835960,35.027317,-80.964166,184
994835960,35.028145,-80.964133,185
994835960,35.028563,-80.964073,186
994835960,35.029035,-80.963922,187
994835960,35.029035,-80.963922,188
994835960,35.029282,-80.963823,189
994835960,35.030653,-80.962973,190
994835960,35.031264,-80.962621,191
994835960,35.032191,-80.962051,192
994835960,35.032893,-80.961661,193
994835960,35.033626,-80.961511,194
994835960,35.033851,-80.961363,195
994835960,35.035021,-80.96091,196
994835960,35.036219,-80.960595,197
994835960,35.03763,-80.960364,198
994835960,35.039141,-80.9602,199
994835960,35.040368,-80.959992,200
994835960,35.041818,-80.959843,201
994835960,35.043185,-80.959642,202
994835960,35.043339,-80.959646,203
994835960,35.044562,-80.959438,204
994835960,35.046403,-80.959188,205
994835960,35.046403,-80.959188,206
994835960,35.050027,-80.958704,207
994835960,35.05042,-80.958676,208
994835960,35.052059,-80.958442,209
994835960,35.055725,-80.957955,210
994835960,35.057231,-80.957637,211
994835960,35.059134,-80.957021,212
994835960,35.060588,-80.95637,213
994835960,35.061577,-80.955832,214
994835960,35.06301,-80.954914,215
994835960,35.063755,-80.954381,216
994835960,35.063755,-80.954381,217
994835960,35.064898,-80.953562,218
994835960,35.066938,-80.951997,219
994835960,35.069366,-80.950209,220
994835960,35.075656,-80.945502,221
994835960,35.077705,-80.944013,222
994835960,35.079087,-80.942894,223
994835960,35.079087,-80.942894,224
994835960,35.08169,-80.940956,225
994835960,35.083316,-80.939804,226
994835960,35.085032,-80.938541,227
994835960,35.086874,-80.937154,228
994835960,35.087478,-80.936516,229
994835960,35.088612,-80.935543,230
994835960,35.08918,-80.934915,231
994835960,35.089535,-80.934385,232
994835960,35.089765,-80.933702,233
994835960,35.089989,-80.932951,234
994835960,35.090137,-80.932316,235
994835960,35.090284,-80.93236,236
994835960,35.090878,-80.932718,237
994835960,35.091511,-80.933148,238
994835960,35.091751,-80.933301,239
994835960,35.092158,-80.933584,240
994835960,35.092959,-80.934232,241
994835960,35.093228,-80.934497,242
994835960,35.093228,-80.934497,243
994835960,35.093783,-80.935071,244
994835960,35.094869,-80.93611,245
994835960,35.09556,-80.935173,246
994835960,35.095755,-80.934977,247
994835960,35.096501,-80.934403,248
994835960,35.097307,-80.935937,249
994835960,35.096143,-80.936869,250
994835960,35.09562,-80.937251,251
994835960,35.095476,-80.936987,252
994835960,35.095259,-80.936644,253
994835960,35.094869,-80.93611,254
994835960,35.093783,-80.935071,255
994835960,35.093484,-80.934749,256
994835960,35.092959,-80.934232,257
994835960,35.092158,-80.933584,258
994835960,35.091751,-80.933301,259
994835960,35.090878,-80.932718,260
994835960,35.090284,-80.93236,261
994835960,35.091293,-80.932551,262
994835960,35.09163,-80.932572,263
994835960,35.093751,-80.932405,264
994835960,35.093751,-80.932405,265
994835960,35.097644,-80.932026,266
994835960,35.100654,-80.931796,267
994835960,35.102813,-80.931208,268
994835960,35.103133,-80.931102,269
994835960,35.104284,-80.930648,270
994835960,35.104702,-80.930461,271
994835960,35.10507,-80.930272,272
994835960,35.107252,-80.928946,273
994835960,35.107588,-80.928713,274
994835960,35.110838,-80.926697,275
994835960,35.110838,-80.926697,276
994835960,35.111396,-80.926352,277
994835960,35.113249,-80.925124,278
994835960,35.114763,-80.924096,279
994835960,35.116293,-80.922935,280
994835960,35.117944,-80.921743,281
994835960,35.118771,-80.921234,282
994835960,35.122201,-80.919372,283
994835960,35.123538,-80.918594,284
994835960,35.124492,-80.917997,285
994835960,35.125312,-80.917451,286
994835960,35.126733,-80.916455,287
994835960,35.126733,-80.916455,288
994835960,35.131494,-80.913184,289
994835960,35.133112,-80.912048,290
994835960,35.133184,-80.912013,291
994835960,35.134214,-80.911181,292
994835960,35.134649,-80.910796,293
994835960,35.135134,-80.910319,294
994835960,35.136018,-80.909363,295
994835960,35.136916,-80.908343,296
994835960,35.14125,-80.903662,297
994835960,35.14125,-80.903662,298
994835960,35.142438,-80.90239,299
994835960,35.144507,-80.900113,300
994835960,35.146698,-80.897822,301
994835960,35.148579,-80.895808,302
994835960,35.148995,-80.895403,303
994835960,35.149699,-80.894807,304
994835960,35.149883,-80.894671,305
994835960,35.150272,-80.894425,306
994835960,35.150676,-80.894207,307
994835960,35.151221,-80.893965,308
994835960,35.156203,-80.892235,309
994835960,35.156203,-80.892235,310
994835960,35.15724,-80.891883,311
994835960,35.160476,-80.89072,312
994835960,35.161644,-80.890339,313
994835960,35.163054,-80.88985,314
994835960,35.164144,-80.889517,315
994835960,35.166055,-80.888976,316
994835960,35.167211,-80.888624,317
994835960,35.168172,-80.888362,318
994835960,35.173623,-80.886783,319
994835960,35.173623,-80.886783,320
994835960,35.175466,-80.886255,321
994835960,35.176166,-80.886114,322
994835960,35.176488,-80.886078,323
994835960,35.177016,-80.88605,324
994835960,35.177552,-80.886066,325
994835960,35.177928,-80.886101,326
994835960,35.178462,-80.886194,327
994835960,35.179007,-80.88634,328
994835960,35.180355,-80.886753,329
994835960,35.181856,-80.88725,330
994835960,35.182884,-80.887571,331
994835960,35.183613,-80.887752,332
994835960,35.184292,-80.887889,333
994835960,35.184544,-80.887918,334
994835960,35.185025,-80.887946,335
994835960,35.185396,-80.887941,336
994835960,35.185869,-80.887898,337
994835960,35.186531,-80.887783,338
994835960,35.187,-80.887657,339
994835960,35.187492,-80.887487,340
994835960,35.187945,-80.887294,341
994835960,35.191078,-80.885795,342
994835960,35.191078,-80.885795,343
994835960,35.199709,-80.881744,344
994835960,35.200014,-80.88158,345
994835960,35.200354,-80.881441,346
994835960,35.201043,-80.881108,347
994835960,35.202065,-80.88065,348
994835960,35.202785,-80.880278,349
994835960,35.203478,-80.879856,350
994835960,35.204023,-80.87946,351
994835960,35.206558,-80.877291,352
994835960,35.20735,-80.876675,353
994835960,35.20735,-80.876675,354
994835960,35.208053,-80.876184,355
994835960,35.208489,-80.875926,356
994835960,35.212579,-80.87375,357
994835960,35.214144,-80.872936,358
994835960,35.215191,-80.872414,359
994835960,35.215625,-80.872246,360
994835960,35.21607,-80.872123,361
994835960,35.21739,-80.871895,362
994835960,35.217652,-80.871827,363
994835960,35.217906,-80.871743,364
994835960,35.218157,-80.871638,365
994835960,35.218645,-80.871385,366
994835960,35.218895,-80.871226,367
994835960,35.219306,-80.870918,368
994835960,35.219764,-80.870496,369
994835960,35.222704,-80.867295,370
994835960,35.223149,-80.866883,371
994835960,35.223149,-80.866883,372
994835960,35.223695,-80.86633,373
994835960,35.224573,-80.865325,374
994835960,35.225388,-80.864306,375
994835960,35.226537,-80.862701,376
994835960,35.226837,-80.862316,377
994835960,35.227179,-80.861892,378
994835960,35.227623,-80.86143,379
994835960,35.227815,-80.861256,380
994835960,35.228127,-80.861006,381
994835960,35.22866,-80.860626,382
994835960,35.229339,-80.860283,383
994835960,35.229652,-80.86015,384
994835960,35.230196,-80.859958,385
994835960,35.231729,-80.85945,386
994835960,35.232672,-80.859076,387
994835960,35.23291,-80.858951,388
994835960,35.233287,-80.858722,389
994835960,35.233615,-80.858498,390
994835960,35.234066,-80.858107,391
994835960,35.234359,-80.857805,392
994835960,35.234455,-80.857687,393
994835960,35.234836,-80.856821,394
994835960,35.234996,-80.856436,395
994835960,35.235269,-80.855666,396
994835960,35.235337,-80.85552,397
994835960,35.235514,-80.855266,398
994835960,35.235762,-80.85504,399
994835960,35.235632,-80.854364,400
994835960,35.235529,-80.85397,401
994835960,35.235325,-80.853436,402
994835960,35.235236,-80.853296,403
994835960,35.235236,-80.853296,404
994835960,35.235056,-80.853098,405
994835960,35.234863,-80.852916,406
994835960,35.234733,-80.85282,407
994835960,35.234537,-80.852711,408
994835960,35.234162,-80.852602,409
994835960,35.233661,-80.852487,410
994835960,35.233493,-80.852477,411
994835960,35.232894,-80.852497,412
994835960,35.232723,-80.852536,413
994835960,35.232604,-80.852065,414
994835960,35.232435,-80.851602,415
994835960,35.232259,-80.851246,416
994835960,35.232081,-80.850988,417
994835960,35.231836,-80.85066,418
994835960,35.231553,-80.850336,419
994835960,35.231181,-80.849855,420
994835960,35.230889,-80.84952,421
994835960,35.230694,-80.849322,422
994835960,35.230508,-80.849086,423
994835960,35.229898,-80.848386,424
994835960,35.228611,-80.846829,425
994835960,35.22788,-80.847891,426
994835960,35.226695,-80.846521,427
994835960,35.226319,-80.846114,428
994835960,35.22511,-80.844647,429
994835960,35.223829,-80.843218,430
994835960,35.222164,-80.841273,431
994835960,35.222164,-80.841273,432
994835960,35.219032,-80.837656,433
994835961,35.220627,-80.837456,1
994835961,35.220627,-80.837456,2
994835961,35.220627,-80.837456,3
994835961,35.221615,-80.838647,4
994835961,35.222695,-80.839883,5
994835961,35.223351,-80.840665,6
994835961,35.224181,-80.841598,7
994835961,35.224337,-80.841796,8
994835961,35.225124,-80.842654,9
994835961,35.225477,-80.843101,10
994835961,35.228538,-80.846727,11
994835961,35.228667,-80.846904,12
994835961,35.229898,-80.848386,13
994835961,35.230508,-80.849086,14
994835961,35.230694,-80.849322,15
994835961,35.230889,-80.84952,16
994835961,35.231181,-80.849855,17
994835961,35.231553,-80.850336,18
994835961,35.23196,-80.850821,19
994835961,35.232259,-80.851246,20
994835961,35.232355,-80.851429,21
994835961,35.232431,-80.851461,22
994835961,35.232499,-80.85152,23
994835961,35.232913,-80.852155,24
994835961,35.233059,-80.852306,25
994835961,35.233244,-80.852411,26
994835961,35.233438,-80.852469,27
994835961,35.233622,-80.852486,28
994835961,35.233622,-80.852486,29
994835961,35.234882,-80.852602,30
994835961,35.235073,-80.852878,31
994835961,35.235354,-80.853507,32
994835961,35.235497,-80.853872,33
994835961,35.235599,-80.854216,34
994835961,35.235737,-80.854926,35
994835961,35.236258,-80.857306,36
994835961,35.236307,-80.857491,37
994835961,35.236421,-80.857799,38
994835961,35.236304,-80.857863,39
994835961,35.236197,-80.857891,40
994835961,35.23524,-80.858073,41
994835961,35.234989,-80.858141,42
994835961,35.234754,-80.858226,43
994835961,35.234366,-80.858425,44
994835961,35.233767,-80.85878,45
994835961,35.232718,-80.859285,46
994835961,35.232428,-80.859406,47
994835961,35.231632,-80.859692,48
994835961,35.229875,-80.860262,49
994835961,35.229217,-80.860532,50
994835961,35.228804,-80.860743,51
994835961,35.228363,-80.861031,52
994835961,35.227965,-80.86134,53
994835961,35.227575,-80.861706,54
994835961,35.227335,-80.861962,55
994835961,35.226842,-80.862567,56
994835961,35.225745,-80.864108,57
994835961,35.225745,-80.864108,58
994835961,35.225502,-80.864449,59
994835961,35.22491,-80.865196,60
994835961,35.224222,-80.866007,61
994835961,35.223531,-80.866761,62
994835961,35.219648,-80.870845,63
994835961,35.219014,-80.871366,64
994835961,35.218661,-80.871589,65
994835961,35.218401,-80.871727,66
994835961,35.21808,-80.871867,67
994835961,35.217676,-80.872015,68
994835961,35.217166,-80.872141,69
994835961,35.216323,-80.872272,70
994835961,35.21597,-80.872345,71
994835961,35.215653,-80.872431,72
994835961,35.215161,-80.872617,73
994835961,35.214682,-80.872847,74
994835961,35.211581,-80.874477,75
994835961,35.210574,-80.875026,76
994835961,35.210574,-80.875026,77
994835961,35.209337,-80.875671,78
994835961,35.208177,-80.876348,79
994835961,35.207744,-80.876632,80
994835961,35.206677,-80.877421,81
994835961,35.20424,-80.879488,82
994835961,35.203723,-80.879878,83
994835961,35.203409,-80.880098,84
994835961,35.203092,-80.880295,85
994835961,35.20248,-80.880649,86
994835961,35.201062,-80.881327,87
994835961,35.199651,-80.88196,88
994835961,35.198316,-80.882602,89
994835961,35.196248,-80.883562,90
994835961,35.195528,-80.883924,91
994835961,35.194404,-80.884442,92
994835961,35.194404,-80.884442,93
994835961,35.191115,-80.885974,94
994835961,35.188986,-80.88699,95
994835961,35.187641,-80.887608,96
994835961,35.187295,-80.887744,97
994835961,35.186779,-80.887899,98
994835961,35.186393,-80.887994,99
994835961,35.185787,-80.888084,100
994835961,35.185212,-80.888131,101
994835961,35.184868,-80.888136,102
994835961,35.184519,-80.888108,103
994835961,35.183629,-80.88796,104
994835961,35.182364,-80.88761,105
994835961,35.180472,-80.887,106
994835961,35.179523,-80.88671,107
994835961,35.178968,-80.88652,108
994835961,35.178448,-80.886371,109
994835961,35.178166,-80.886311,110
994835961,35.177782,-80.886258,111
994835961,35.17712,-80.886222,112
994835961,35.17712,-80.886222,113
994835961,35.176532,-80.886246,114
994835961,35.175962,-80.88632,115
994835961,35.175604,-80.886395,116
994835961,35.175068,-80.88654,117
994835961,35.163095,-80.890011,118
994835961,35.159629,-80.891233,119
994835961,35.159629,-80.891233,120
994835961,35.156201,-80.892411,121
994835961,35.151735,-80.893974,122
994835961,35.151284,-80.894151,123
994835961,35.150944,-80.894304,124
994835961,35.150387,-80.894612,125
994835961,35.149518,-80.895184,126
994835961,35.149092,-80.895539,127
994835961,35.14867,-80.895944,128
994835961,35.147236,-80.897483,129
994835961,35.146436,-80.898388,130
994835961,35.146131,-80.898756,131
994835961,35.143998,-80.9011,132
994835961,35.143998,-80.9011,133
994835961,35.141528,-80.903767,134
994835961,35.140935,-80.904439,135
994835961,35.138402,-80.907187,136
994835961,35.137926,-80.907728,137
994835961,35.137493,-80.908156,138
994835961,35.135282,-80.910537,139
994835961,35.134922,-80.910886,140
994835961,35.134253,-80.911486,141
994835961,35.133523,-80.912081,142
994835961,35.132212,-80.913004,143
994835961,35.131081,-80.913767,144
994835961,35.129895,-80.914613,145
994835961,35.129895,-80.914613,146
994835961,35.128943,-80.915299,147
994835961,35.128537,-80.915617,148
994835961,35.128003,-80.916003,149
994835961,35.125444,-80.917799,150
994835961,35.125086,-80.918005,151
994835961,35.124808,-80.918192,152
994835961,35.124006,-80.918678,153
994835961,35.119279,-80.921256,154
994835961,35.118206,-80.921893,155
994835961,35.116804,-80.922957,156
994835961,35.114037,-80.924924,157
994835961,35.114037,-80.924924,158
994835961,35.113438,-80.925346,159
994835961,35.112129,-80.926208,160
994835961,35.111736,-80.92642,161
994835961,35.110771,-80.927093,162
994835961,35.110335,-80.927377,163
994835961,35.109572,-80.92786,164
994835961,35.108634,-80.928423,165
994835961,35.105986,-80.930093,166
994835961,35.10557,-80.930327,167
994835961,35.104647,-80.93077,168
994835961,35.103671,-80.931162,169
994835961,35.100654,-80.931796,170
994835961,35.099759,-80.932106,171
994835961,35.097831,-80.932381,172
994835961,35.09736,-80.932491,173
994835961,35.09736,-80.932491,174
994835961,35.096903,-80.93263,175
994835961,35.096607,-80.93277,176
994835961,35.096268,-80.93298,177
994835961,35.096043,-80.933141,178
994835961,35.094557,-80.9343,179
994835961,35.094164,-80.934625,180
994835961,35.093783,-80.935071,181
994835961,35.094869,-80.93611,182
994835961,35.09556,-80.935173,183
994835961,35.095755,-80.934977,184
994835961,35.096501,-80.934403,185
994835961,35.097307,-80.935937,186
994835961,35.096143,-80.936869,187
994835961,35.09562,-80.937251,188
994835961,35.095476,-80.936987,189
994835961,35.095259,-80.936644,190
994835961,35.094869,-80.93611,191
994835961,35.093783,-80.935071,192
994835961,35.093226,-80.934686,193
994835961,35.092965,-80.934546,194
994835961,35.092713,-80.934487,195
994835961,35.092353,-80.934462,196
994835961,35.091636,-80.934448,197
994835961,35.091298,-80.934457,198
994835961,35.090947,-80.934555,199
994835961,35.090347,-80.934802,200
994835961,35.089836,-80.935149,201
994835961,35.089836,-80.935149,202
994835961,35.089647,-80.935277,203
994835961,35.087802,-80.936661,204
994835961,35.086874,-80.937154,205
994835961,35.085032,-80.938541,206
994835961,35.083316,-80.939804,207
994835961,35.08169,-80.940956,208
994835961,35.080391,-80.941911,209
994835961,35.078883,-80.943048,210
994835961,35.077705,-80.944013,211
994835961,35.075656,-80.945502,212
994835961,35.074414,-80.946433,213
994835961,35.074414,-80.946433,214
994835961,35.069366,-80.950209,215
994835961,35.066938,-80.951997,216
994835961,35.064898,-80.953562,217
994835961,35.06301,-80.954914,218
994835961,35.061577,-80.955832,219
994835961,35.060588,-80.95637,220
994835961,35.059134,-80.957021,221
994835961,35.05876,-80.957142,222
994835961,35.05876,-80.957142,223
994835961,35.057231,-80.957637,224
994835961,35.055725,-80.957955,225
994835961,35.052059,-80.958442,226
994835961,35.05042,-80.958676,227
994835961,35.050027,-80.958704,228
994835961,35.045843,-80.959258,229
994835961,35.044562,-80.959438,230
994835961,35.043339,-80.959646,231
994835961,35.043185,-80.959642,232
994835961,35.041818,-80.959843,233
994835961,35.04094,-80.959933,234
994835961,35.04094,-80.959933,235
994835961,35.040368,-80.959992,236
994835961,35.039141,-80.9602,237
994835961,35.03763,-80.960364,238
994835961,35.036219,-80.960595,239
994835961,35.035021,-80.96091,240
994835961,35.033851,-80.961363,241
994835961,35.03226,-80.962367,242
994835961,35.031142,-80.963172,243
994835961,35.029874,-80.964241,244
994835961,35.028658,-80.965826,245
994835961,35.029385,-80.966421,246
994835961,35.029764,-80.966791,247
994835961,35.030422,-80.967365,248
994835961,35.02981,-80.968373,249
994835961,35.030166,-80.968795,250
994835961,35.03029,-80.969069,251
994835961,35.030325,-80.969274,252
994835961,35.030246,-80.969564,253
994835961,35.030246,-80.969564,254
994835961,35.030208,-80.969651,255
994835961,35.029892,-80.969396,256
994835961,35.028756,-80.969283,257
994835961,35.028852,-80.967945,258
994835961,35.028991,-80.967999,259
994835961,35.029252,-80.968035,260
994835961,35.029607,-80.968187,261
994835961,35.02981,-80.968373,262
994835961,35.030422,-80.967365,263
994835961,35.029764,-80.966791,264
994835961,35.029385,-80.966421,265
994835961,35.028658,-80.965826,266
994835961,35.028487,-80.966029,267
994835961,35.027534,-80.966199,268
994835961,35.026767,-80.966375,269
994835961,35.025986,-80.966737,270
994835961,35.025116,-80.967174,271
994835961,35.024075,-80.967663,272
994835961,35.023198,-80.967963,273
994835961,35.021793,-80.968226,274
994835961,35.021018,-80.968351,275
994835961,35.017996,-80.968974,276
994835961,35.017996,-80.968974,277
994835961,35.016468,-80.9693,278
994835961,35.015076,-80.969561,279
994835961,35.012602,-80.970109,280
994835961,35.009428,-80.970724,281
994835961,35.008679,-80.970853,282
994835961,35.007219,-80.971222,283
994835961,35.006415,-80.971449,284
994835961,35.005271,-80.971879,285
994835961,35.003328,-80.972724,286
994835961,35.002251,-80.97335,287
994835961,35.001125,-80.974171,288
994835961,35.00072,-80.974443,289
994835961,35.00072,-80.974443,290
994835961,34.998646,-80.975848,291
994835961,34.998231,-80.976155,292
994835961,34.996036,-80.977611,293
994835961,34.994196,-80.978863,294
994835961,34.99336,-80.9794,295
994835961,34.992437,-80.980069,296
994835961,34.987657,-80.983259,297
994835961,34.98498,-80.985068,298
994835961,34.98498,-80.985068,299
994835961,34.981746,-80.987253,300
994835961,34.98109,-80.987671,301
994835961,34.980595,-80.987896,302
994835961,34.979932,-80.9881,303
994835961,34.979,-80.988271,304
994835961,34.978546,-80.988307,305
994835961,34.978257,-80.988307,306
994835961,34.977969,-80.98829,307
994835961,34.977396,-80.988196,308
994835961,34.976545,-80.987955,309
994835961,34.973585,-80.986674,310
994835961,34.968136,-80.984354,311
994835961,34.968136,-80.984354,312
994835961,34.951181,-80.977029,313
994835961,34.951181,-80.977029,314
994835961,34.945478,-80.974596,315
994835961,34.943926,-80.974238,316
994835961,34.943229,-80.974011,317
994835961,34.942917,-80.973946,318
994835961,34.942596,-80.973905,319
994835961,34.942335,-80.973889,320
994835961,34.941817,-80.97394,321
994835961,34.941285,-80.974057,322
994835961,34.940798,-80.974252,323
994835961,34.940948,-80.975177,324
994835961,34.940978,-80.975485,325
994835961,34.941017,-80.976177,326
994835961,34.941017,-80.976641,327
994835961,34.941306,-80.976651,328
994835961,34.941369,-80.976639,329
994835961,34.941398,-80.976576,330
994835961,34.941411,-80.97645,331
994835961,34.941408,-80.97629,332
994835961,34.94136,-80.975851,333
994835961,34.941379,-80.975701,334
994835961,34.941422,-80.975599,335
994835961,34.941528,-80.975485,336
994835961,34.941675,-80.975398,337
994835961,34.942091,-80.975365,338
994835961,34.942288,-80.97538,339
994835961,34.943211,-80.975612,340
994835961,34.943572,-80.975568,341
994835961,34.943818,-80.975951,342
994835961,34.944454,-80.976563,343
994835961,34.944537,-80.976702,344
994835961,34.944565,-80.97681,345
994835961,34.944599,-80.977078,346
994835961,34.944572,-80.977163,347
994835961,34.944572,-80.977163,348
994835961,34.944093,-80.978641,349
994835961,34.943857,-80.979463,350
994835961,34.943482,-80.979377,351
994835961,34.942898,-80.97942,352
994835961,34.942111,-80.979517,353
994835961,34.941381,-80.979586,354
994835961,34.94101,-80.979591,355
994835961,34.940984,-80.990337,356
994835961,34.940959,-80.992172,357
994835961,34.940847,-80.993181,358
994835961,34.940738,-80.993785,359
994835961,34.940545,-80.994495,360
994835961,34.9402,-80.995429,361
994835961,34.9402,-80.995429,362
994835961,34.940036,-80.995801,363
994835961,34.939781,-80.996295,364
994835961,34.939569,-80.99665,365
994835961,34.939146,-80.997271,366
994835961,34.938899,-80.997599,367
994835961,34.938569,-80.997961,368
994835961,34.938242,-80.998287,369
994835961,34.936417,-80.999961,370
994835961,34.936222,-81.00012,371
994835961,34.935926,-81.000409,372
994835961,34.935575,-81.000828,373
994835961,34.935245,-81.001321,374
994835961,34.935109,-81.001574,375
994835961,34.934976,-81.001835,376
994835961,34.934797,-81.002331,377
994835961,34.934638,-81.002964,378
994835961,34.934559,-81.003403,379
994835961,34.934532,-81.003873,380
994835961,34.934404,-81.008288,381
994835961,34.934404,-81.008942,382
994835961,34.934453,-81.009778,383
994835961,34.934732,-81.012034,384
994835961,34.934757,-81.012305,385
994835961,34.934759,-81.012846,386
994835961,34.934736,-81.013115,387
994835961,34.934647,-81.013644,388
994835961,34.93455,-81.013995,389
994835961,34.934376,-81.01444,390
994835961,34.934376,-81.01444,391
994835961,34.934143,-81.01487,392
994835961,34.934013,-81.015063,393
994835961,34.93387,-81.015247,394
994835961,34.933484,-81.015644,395
994835961,34.933147,-81.01592,396
994835961,34.932933,-81.016061,397
994835961,34.932753,-81.01616,398
994835961,34.931913,-81.016553,399
994835961,34.931733,-81.016652,400
994835961,34.931425,-81.016855,401
994835961,34.931131,-81.017138,402
994835961,34.9307,-81.017611,403
994835961,34.930468,-81.017996,404
994835961,34.930328,-81.018346,405
994835961,34.930157,-81.018849,406
994835961,34.930022,-81.019397,407
994835961,34.929977,-81.019906,408
994835961,34.929895,-81.021696,409
994835961,34.929872,-81.021936,410
994835961,34.929765,-81.0224,411
994835961,34.929682,-81.022622,412
994835961,34.928812,-81.024643,413
994835961,34.928588,-81.025094,414
994835961,34.928044,-81.026045,415
994835961,34.92759,-81.026878,416
994835961,34.927536,-81.02701,417
994835961,34.927271,-81.026559,418
994835961,34.926995,-81.026864,419
994835962,35.22282,-80.84695,1
994835962,35.22282,-80.84695,2
994835962,35.22282,-80.84695,3
994835962,35.22322,-80.84637,4
994835962,35.22391,-80.84535,5
994835962,35.22397,-80.84525,6
994835962,35.22408,-80.84509,7
994835962,35.22427,-80.84481,8
994835962,35.22471,-80.8442,9
994835962,35.22479,-80.84409,10
994835962,35.22495,-80.84384,11
994835962,35.22547,-80.84309,12
994835962,35.22624,-80.84197,13
994835962,35.22668,-80.84135,14
994835962,35.22689,-80.84105,15
994835962,35.22704,-80.84085,16
994835962,35.22715,-80.84071,17
994835962,35.22767,-80.83998,18
994835962,35.22784,-80.83974,19
994835962,35.22796,-80.83958,20
994835962,35.22819,-80.83927,21
994835962,35.2284,-80.83896,22
994835962,35.22858,-80.8387,23
994835962,35.22895,-80.8382,24
994835962,35.22909,-80.838,25
994835962,35.2291,-80.83798,26
994835962,35.22921,-80.83782,27
994835962,35.22933,-80.83765,28
994835962,35.22953,-80.83739,29
994835962,35.22969,-80.83716,30
994835962,35.22977,-80.83704,31
994835962,35.22998,-80.83675,32
994835962,35.23009,-80.83658,33
994835962,35.23018,-80.83645,34
994835962,35.23059,-80.83584,35
994835962,35.23087,-80.83546,36
994835962,35.23097,-80.83531,37
994835962,35.23109,-80.83514,38
994835962,35.23109,-80.83514,39
994835962,35.2311,-80.83514,40
994835962,35.23124,-80.83495,41
994835962,35.23161,-80.83443,42
994835962,35.23167,-80.83435,43
994835962,35.2319,-80.83405,44
994835962,35.23241,-80.83343,45
994835962,35.23249,-80.83354,46
994835962,35.23312,-80.83431,47
994835962,35.23337,-80.83466,48
994835962,35.23342,-80.83472,49
994835962,35.23414,-80.83561,50
994835962,35.23421,-80.83571,51
994835962,35.23428,-80.83584,52
994835962,35.23436,-80.83604,53
994835962,35.23447,-80.8364,54
994835962,35.23453,-80.83656,55
994835962,35.23465,-80.83687,56
994835962,35.2347,-80.83698,57
994835962,35.23497,-80.83754,58
994835962,35.2354,-80.83848,59
994835962,35.23578,-80.839,60
994835962,35.23589,-80.83912,61
994835962,35.23647,-80.83967,62
994835962,35.23674,-80.83988,63
994835962,35.23773,-80.84069,64
994835962,35.23917,-80.84183,65
994835962,35.23962,-80.84219,66
994835962,35.24015,-80.84259,67
994835962,35.2411,-80.84335,68
994835962,35.24147,-80.84364,69
994835962,35.24165,-80.84379,70
994835962,35.2418,-80.84393,71
994835962,35.24202,-80.84412,72
994835962,35.24223,-80.8443,73
994835962,35.24298,-80.84485,74
994835962,35.24317,-80.84499,75
994835962,35.24331,-80.8451,76
994835962,35.24358,-80.84531,77
994835962,35.24369,-80.84537,78
994835962,35.24393,-80.84552,79
994835962,35.24418,-80.84566,80
994835962,35.24451,-80.84584,81
994835962,35.24464,-80.84589,82
994835962,35.24489,-80.84598,83
994835962,35.24522,-80.84607,84
994835962,35.24536,-80.8461,85
994835962,35.24563,-80.84615,86
994835962,35.24582,-80.84616,87
994835962,35.24617,-80.84615,88
994835962,35.2463,-80.84615,89
994835962,35.24657,-80.84612,90
994835962,35.24693,-80.84605,91
994835962,35.24704,-80.84602,92
994835962,35.24716,-80.84599,93
994835962,35.24751,-80.8459,94
994835962,35.24772,-80.84586,95
994835962,35.24786,-80.8458,96
994835962,35.24794,-80.84576,97
994835962,35.24799,-80.84574,98
994835962,35.24839,-80.84557,99
994835962,35.2485,-80.84552,100
994835962,35.24873,-80.84541,101
994835962,35.24913,-80.84524,102
994835962,35.25046,-80.84464,103
994835962,35.2511,-80.84435,104
994835962,35.25204,-80.84393,105
994835962,35.25237,-80.84378,106
994835962,35.25244,-80.84375,107
994835962,35.25251,-80.84371,108
994835962,35.2538,-80.84313,109
994835962,35.25422,-80.84295,110
994835962,35.25594,-80.84217,111
994835962,35.25686,-80.84177,112
994835962,35.25704,-80.84168,113
994835962,35.25718,-80.84163,114
994835962,35.2576,-80.84143,115
994835962,35.25796,-80.84126,116
994835962,35.25882,-80.84087,117
994835962,35.25907,-80.84078,118
994835962,35.25921,-80.84074,119
994835962,35.25949,-80.84068,120
994835962,35.2597,-80.84064,121
994835962,35.25979,-80.84064,122
994835962,35.26009,-80.84061,123
994835962,35.2604,-80.8406,124
994835962,35.26055,-80.84061,125
994835962,35.26059,-80.84061,126
994835962,35.26087,-80.84063,127
994835962,35.26108,-80.84067,128
994835962,35.2612,-80.84069,129
994835962,35.26142,-80.84074,130
994835962,35.26151,-80.84076,131
994835962,35.26169,-80.84081,132
994835962,35.26195,-80.84091,133
994835962,35.2623,-80.84107,134
994835962,35.26247,-80.84116,135
994835962,35.26263,-80.84125,136
994835962,35.26301,-80.84151,137
994835962,35.26319,-80.84163,138
994835962,35.26348,-80.84184,139
994835962,35.26359,-80.8419,140
994835962,35.263605,-80.841874,141
994835962,35.263605,-80.841874,142
994835962,35.264018,-80.842188,143
994835962,35.266596,-80.844029,144
994835962,35.268025,-80.845083,145
994835962,35.269001,-80.845769,146
994835962,35.269235,-80.845918,147
994835962,35.269739,-80.846198,148
994835962,35.270143,-80.846375,149
994835962,35.270572,-80.846528,150
994835962,35.271161,-80.846659,151
994835962,35.271603,-80.846716,152
994835962,35.272614,-80.846742,153
994835962,35.272972,-80.846707,154
994835962,35.273291,-80.846654,155
994835962,35.273691,-80.846549,156
994835962,35.2742,-80.846366,157
994835962,35.274499,-80.846229,158
994835962,35.274808,-80.846119,159
994835962,35.275195,-80.84595,160
994835962,35.275837,-80.845716,161
994835962,35.276275,-80.845609,162
994835962,35.276754,-80.845533,163
994835962,35.277395,-80.8455,164
994835962,35.277708,-80.845514,165
994835962,35.278227,-80.845579,166
994835962,35.278783,-80.845709,167
994835962,35.279381,-80.845924,168
994835962,35.280353,-80.846375,169
994835962,35.280353,-80.846375,170
994835962,35.284438,-80.848412,171
994835962,35.286879,-80.84962,172
994835962,35.287406,-80.849867,173
994835962,35.287938,-80.850093,174
994835962,35.288572,-80.850335,175
994835962,35.289155,-80.85052,176
994835962,35.290012,-80.850737,177
994835962,35.290834,-80.850893,178
994835962,35.291648,-80.850999,179
994835962,35.292637,-80.851045,180
994835962,35.293679,-80.851018,181
994835962,35.294449,-80.850942,182
994835962,35.295174,-80.850824,183
994835962,35.297624,-80.850267,184
994835962,35.297624,-80.850267,185
994835962,35.306109,-80.848317,186
994835962,35.308183,-80.847821,187
994835962,35.309492,-80.847573,188
994835962,35.310203,-80.847458,189
994835962,35.311081,-80.847341,190
994835962,35.311855,-80.847251,191
994835962,35.312267,-80.847223,192
994835962,35.313301,-80.847193,193
994835962,35.314222,-80.847197,194
994835962,35.315397,-80.847244,195
994835962,35.315397,-80.847244,196
994835962,35.333364,-80.848282,197
994835962,35.333364,-80.848282,198
994835962,35.336849,-80.848486,199
994835962,35.338415,-80.848535,200
994835962,35.339344,-80.848526,201
994835962,35.341131,-80.848442,202
994835962,35.342617,-80.848305,203
994835962,35.343873,-80.848136,204
994835962,35.345565,-80.847832,205
994835962,35.346108,-80.84773,206
994835962,35.347208,-80.847467,207
994835962,35.348008,-80.847264,208
994835962,35.348983,-80.846984,209
994835962,35.350242,-80.846573,210
994835962,35.35116,-80.846233,211
994835962,35.35116,-80.846233,212
994835962,35.352468,-80.845705,213
994835962,35.354183,-80.844965,214
994835962,35.357744,-80.843352,215
994835962,35.358781,-80.842899,216
994835962,35.3596,-80.842582,217
994835962,35.360088,-80.842422,218
994835962,35.360558,-80.842289,219
994835962,35.361454,-80.842084,220
994835962,35.362528,-80.841924,221
994835962,35.363254,-80.841867,222
994835962,35.36403,-80.841861,223
994835962,35.364941,-80.841908,224
994835962,35.365731,-80.841993,225
994835962,35.366775,-80.842191,226
994835962,35.367662,-80.842423,227
994835962,35.368514,-80.84271,228
994835962,35.368514,-80.84271,229
994835962,35.369425,-80.843087,230
994835962,35.370297,-80.843519,231
994835962,35.371624,-80.844287,232
994835962,35.376294,-80.847091,233
994835962,35.37715,-80.847577,234
994835962,35.378017,-80.847996,235
994835962,35.378727,-80.848294,236
994835962,35.379375,-80.848523,237
994835962,35.380223,-80.848774,238
994835962,35.380872,-80.84892,239
994835962,35.381587,-80.849047,240
994835962,35.382622,-80.849161,241
994835962,35.384699,-80.849208,242
994835962,35.385444,-80.849253,243
994835962,35.385444,-80.849253,244
994835962,35.385871,-80.849299,245
994835962,35.386471,-80.849389,246
994835962,35.387027,-80.849496,247
994835962,35.387605,-80.849633,248
994835962,35.388166,-80.849794,249
994835962,35.388909,-80.850052,250
994835962,35.389778,-80.850414,251
994835962,35.39049,-80.850763,252
994835962,35.391092,-80.851099,253
994835962,35.391685,-80.851458,254
994835962,35.393868,-80.85286,255
994835962,35.395077,-80.853609,256
994835962,35.395613,-80.853917,257
994835962,35.396549,-80.854401,258
994835962,35.397092,-80.854652,259
994835962,35.397812,-80.854954,260
994835962,35.398906,-80.855348,261
994835962,35.400082,-80.855687,262
994835962,35.401016,-80.855893,263
994835962,35.402385,-80.856143,264
994835962,35.402385,-80.856143,265
994835962,35.408023,-80.857181,266
994835962,35.409141,-80.857411,267
994835962,35.410514,-80.857637,268
994835962,35.411673,-80.857851,269
994835962,35.412774,-80.858081,270
994835962,35.413642,-80.858293,271
994835962,35.41489,-80.85868,272
994835962,35.415655,-80.85896,273
994835962,35.416247,-80.859198,274
994835962,35.417675,-80.859855,275
994835962,35.419846,-80.860995,276
994835962,35.419846,-80.860995,277
994835962,35.428378,-80.865566,278
994835962,35.429856,-80.866319,279
994835962,35.430555,-80.866627,280
994835962,35.431131,-80.866868,281
994835962,35.432164,-80.867255,282
994835962,35.433537,-80.867683,283
994835962,35.43475,-80.867976,284
994835962,35.435328,-80.86809,285
994835962,35.435876,-80.868186,286
994835962,35.436725,-80.868301,287
994835962,35.436725,-80.868301,288
994835962,35.43673,-80.8683,289
994835962,35.43716,-80.86835,290
994835962,35.43784,-80.86841,291
994835962,35.43826,-80.86844,292
994835962,35.43918,-80.86845,293
994835962,35.4404,-80.86845,294
994835962,35.44047,-80.86845,295
994835962,35.44188,-80.86843,296
994835962,35.44309,-80.86841,297
994835962,35.44358,-80.86841,298
994835962,35.44466,-80.86844,299
994835962,35.44532,-80.86849,300
994835962,35.44561,-80.86852,301
994835962,35.44592,-80.86855,302
994835962,35.44635,-80.86861,303
994835962,35.44778,-80.86889,304
994835962,35.44831,-80.86903,305
994835962,35.44876,-80.86916,306
994835962,35.4492,-80.86929,307
994835962,35.44958,-80.86942,308
994835962,35.44999,-80.86958,309
994835962,35.45043,-80.86975,310
994835962,35.45073,-80.86988,311
994835962,35.45131,-80.87015,312
994835962,35.45205,-80.8705,313
994835962,35.45359,-80.87126,314
994835962,35.45847,-80.87369,315
994835962,35.45913,-80.87401,316
994835962,35.45932,-80.8741,317
994835962,35.45967,-80.87427,318
994835962,35.45977,-80.87431,319
994835962,35.46031,-80.87454,320
994835962,35.46055,-80.87464,321
994835962,35.46106,-80.87482,322
994835962,35.46145,-80.87494,323
994835962,35.46174,-80.87502,324
994835962,35.46204,-80.87511,325
994835962,35.46244,-80.8752,326
994835962,35.46262,-80.87523,327
994835962,35.4627,-80.87525,328
994835962,35.46317,-80.87533,329
994835962,35.46359,-80.87539,330
994835962,35.46399,-80.87543,331
994835962,35.4643,-80.87546,332
994835962,35.46464,-80.87548,333
994835962,35.46495,-80.87549,334
994835962,35.4653,-80.87549,335
994835962,35.46562,-80.87548,336
994835962,35.46594,-80.87547,337
994835962,35.46656,-80.87542,338
994835962,35.46737,-80.87534,339
994835962,35.46857,-80.87521,340
994835962,35.47005,-80.87508,341
994835962,35.47087,-80.87501,342
994835962,35.47096,-80.875,343
994835962,35.47211,-80.87492,344
994835962,35.47276,-80.87489,345
994835962,35.47385,-80.87483,346
994835962,35.47546,-80.87478,347
994835962,35.47609,-80.87476,348
994835962,35.47645,-80.87475,349
994835962,35.47743,-80.87474,350
994835962,35.48007,-80.87475,351
994835962,35.4818,-80.87474,352
994835962,35.48289,-80.87473,353
994835962,35.48438,-80.87473,354
994835962,35.48477,-80.8747,355
994835962,35.48518,-80.87466,356
994835962,35.48563,-80.87458,357
994835962,35.48596,-80.8745,358
994835962,35.48632,-80.8744,359
994835962,35.48667,-80.87428,360
994835962,35.48707,-80.8741,361
994835962,35.48761,-80.87384,362
994835962,35.48892,-80.87318,363
994835962,35.49019,-80.87254,364
994835962,35.49133,-80.87198,365
994835962,35.49419,-80.87056,366
994835962,35.49514,-80.87008,367
994835962,35.49529,-80.87001,368
994835962,35.4971,-80.86911,369
994835962,35.49797,-80.86868,370
994835962,35.49918,-80.86807,371
994835962,35.4995,-80.86793,372
994835962,35.49986,-80.86774,373
994835962,35.50014,-80.86761,374
994835962,35.50034,-80.86751,375
994835962,35.50062,-80.86737,376
994835962,35.5012,-80.86709,377
994835962,35.50127,-80.86706,378
994835962,35.50144,-80.86697,379
994835962,35.50196,-80.86672,380
994835962,35.5023,-80.86658,381
994835962,35.50253,-80.86651,382
994835962,35.50297,-80.86639,383
994835962,35.50324,-80.86633,384
994835962,35.50343,-80.8663,385
994835962,35.50374,-80.86626,386
994835962,35.50409,-80.86621,387
994835962,35.50426,-80.8662,388
994835962,35.50564,-80.8661,389
994835962,35.50591,-80.86606,390
994835962,35.50653,-80.86602,391
994835962,35.50775,-80.86594,392
994835962,35.50798,-80.86592,393
994835962,35.51056,-80.86573,394
994835962,35.51173,-80.86565,395
994835962,35.5118,-80.86565,396
994835962,35.51348,-80.86552,397
994835962,35.51464,-80.86544,398
994835962,35.51579,-80.86534,399
994835962,35.5163,-80.86527,400
994835962,35.5168,-80.8652,401
994835962,35.51832,-80.86492,402
994835962,35.5185,-80.86489,403
994835962,35.52018,-80.86451,404
994835962,35.52173,-80.86418,405
994835962,35.52608,-80.86321,406
994835962,35.52659,-80.8631,407
994835962,35.52696,-80.86295,408
994835962,35.52729,-80.86285,409
994835962,35.52777,-80.86269,410
994835962,35.52801,-80.86259,411
994835962,35.52822,-80.8625,412
994835962,35.5285,-80.86234,413
994835962,35.52876,-80.86217,414
994835962,35.529,-80.86198,415
994835962,35.52915,-80.86185,416
994835962,35.52931,-80.86169,417
994835962,35.53006,-80.8609,418
994835962,35.53024,-80.86071,419
994835962,35.53033,-80.86063,420
994835962,35.53043,-80.86057,421
994835962,35.5305,-80.86055,422
994835962,35.5306,-80.86052,423
994835962,35.53071,-80.8605,424
994835962,35.53082,-80.86052,425
994835962,35.53092,-80.86055,426
994835962,35.53103,-80.8606,427
994835962,35.53119,-80.86069,428
994835962,35.53126,-80.86073,429
994835962,35.53259,-80.85823,430
994835962,35.53281,-80.85784,431
994835962,35.53303,-80.85741,432
994835962,35.53313,-80.85721,433
994835962,35.53376,-80.85597,434
994835962,35.534,-80.85567,435
994835962,35.53419,-80.85545,436
994835962,35.53437,-80.85529,437
994835962,35.53478,-80.85504,438
994835962,35.53504,-80.85494,439
994835962,35.53524,-80.85491,440
994835962,35.53558,-80.8549,441
994835962,35.53591,-80.85496,442
994835962,35.5363,-80.85509,443
994835962,35.53644,-80.85517,444
994835962,35.53706,-80.85551,445
994835962,35.5371,-80.85554,446
994835962,35.5372,-80.8554,447
994835962,35.53724,-80.85535,448
994835962,35.53734,-80.8551,449
994835962,35.53747,-80.85473,450
994835962,35.53747,-80.85473,451
994835962,35.53751,-80.85463,452
994835962,35.53751,-80.85453,453
994835962,35.53749,-80.85444,454
994835962,35.53744,-80.85432,455
994835962,35.5373,-80.85424,456
994835962,35.53715,-80.85426,457
994835962,35.53702,-80.85439,458
994835962,35.53662,-80.85474,459
994835962,35.53635,-80.85493,460
994835962,35.536,-80.85509,461
994835962,35.53553,-80.85516,462
994835962,35.53502,-80.85526,463
994835962,35.53456,-80.85548,464
994835962,35.53413,-80.8559,465
994835962,35.53382,-80.85625,466
994835962,35.53363,-80.85658,467
994835962,35.53344,-80.85695,468
994835962,35.53344,-80.85695,469
994835962,35.53315,-80.85748,470
994835962,35.53287,-80.85799,471
994835962,35.53266,-80.85841,472
994835962,35.53138,-80.86082,473
994835962,35.53155,-80.86095,474
994835962,35.53177,-80.86113,475
994835962,35.53193,-80.86124,476
994835962,35.53208,-80.86132,477
994835962,35.5322,-80.86138,478
994835962,35.53232,-80.86143,479
994835962,35.53245,-80.86147,480
994835962,35.5326,-80.86152,481
994835962,35.5328,-80.86154,482
994835962,35.53302,-80.86155,483
994835962,35.53323,-80.86155,484
994835962,35.53342,-80.86153,485
994835962,35.53363,-80.86153,486
994835962,35.54877,-80.85818,487
994835962,35.54961,-80.85799,488
994835962,35.54992,-80.85793,489
994835962,35.55026,-80.85784,490
994835962,35.55058,-80.85777,491
994835962,35.55083,-80.85772,492
994835962,35.55104,-80.85766,493
994835962,35.55125,-80.85758,494
994835962,35.55164,-80.85741,495
994835962,35.55186,-80.85732,496
994835962,35.5527,-80.85685,497
994835962,35.5528,-80.85679,498
994835962,35.55286,-80.85693,499
994835962,35.55291,-80.85704,500
994835962,35.55302,-80.85723,501
994835962,35.55312,-80.8574,502
994835962,35.55336,-80.8578,503
994835962,35.5536,-80.8582,504
994835962,35.55387,-80.85869,505
994835962,35.55412,-80.85912,506
994835962,35.55433,-80.85944,507
994835962,35.5546,-80.85982,508
994835962,35.55511,-80.86041,509
994835962,35.55561,-80.86103,510
994835962,35.55573,-80.86118,511
994835962,35.55581,-80.86126,512
994835962,35.55598,-80.86143,513
994835962,35.55609,-80.86153,514
994835962,35.5563,-80.86174,515
994835962,35.55721,-80.86231,516
994835962,35.55783,-80.86271,517
994835962,35.55811,-80.86295,518
994835962,35.55885,-80.86359,519
994835962,35.55976,-80.86439,520
994835962,35.55988,-80.86449,521
994835962,35.56046,-80.86494,522
994835962,35.56049,-80.86497,523
994835962,35.561,-80.86523,524
994835962,35.56162,-80.86541,525
994835962,35.56407,-80.86592,526
994835962,35.56468,-80.86604,527
994835962,35.56489,-80.86608,528
994835962,35.56551,-80.86617,529
994835962,35.56617,-80.86617,530
994835962,35.56663,-80.86612,531
994835962,35.56767,-80.86601,532
994835962,35.5681,-80.866,533
994835962,35.5685,-80.86604,534
994835962,35.56887,-80.86615,535
994835962,35.56988,-80.86671,536
994835962,35.56998,-80.86677,537
994835962,35.57014,-80.86686,538
994835962,35.57051,-80.86707,539
994835962,35.57074,-80.8672,540
994835962,35.57074,-80.8672,541
994835962,35.5708,-80.86723,542
994835962,35.57164,-80.86769,543
994835962,35.57169,-80.86772,544
994835962,35.57172,-80.86774,545
994835962,35.57201,-80.8679,546
994835962,35.57234,-80.86809,547
994835962,35.57557,-80.86989,548
994835962,35.57582,-80.87003,549
994835962,35.57586,-80.87005,550
994835962,35.57619,-80.87023,551
994835962,35.57647,-80.87038,552
994835962,35.57782,-80.87112,553
994835962,35.57817,-80.87132,554
994835962,35.57827,-80.87137,555
994835962,35.57838,-80.87143,556
994835962,35.57911,-80.87178,557
994835962,35.58104,-80.87271,558
994835962,35.5812,-80.87279,559
994835962,35.58129,-80.87283,560
994835962,35.58169,-80.87302,561
994835962,35.58178,-80.87306,562
994835962,35.58184,-80.87309,563
994835962,35.58196,-80.87315,564
994835962,35.58215,-80.87325,565
994835962,35.5824,-80.87333,566
994835962,35.58259,-80.87337,567
994835962,35.58292,-80.87345,568
994835962,35.58392,-80.87362,569
994835962,35.58414,-80.87367,570
994835962,35.5846,-80.87377,571
994835962,35.58545,-80.87392,572
994835962,35.58562,-80.87399,573
994835962,35.58567,-80.87399,574
994835962,35.58601,-80.87404,575
994835962,35.58662,-80.87412,576
994835962,35.58668,-80.87413,577
994835962,35.58675,-80.87415,578
994835962,35.58773,-80.87428,579
994835962,35.58819,-80.87435,580
994835962,35.58844,-80.87439,581
994835962,35.58869,-80.8744,582
994835962,35.58899,-80.87434,583
994835962,35.5891,-80.8743,584
994835962,35.58933,-80.87421,585
994835962,35.58963,-80.87398,586
994835962,35.59002,-80.8736,587
994835962,35.59025,-80.87334,588
994835962,35.59072,-80.87281,589
994835962,35.5914,-80.87204,590
994835962,35.59152,-80.87191,591
994835962,35.59159,-80.87182,592
994835962,35.59179,-80.8716,593
994835962,35.59196,-80.87141,594
994835962,35.59247,-80.87083,595
994835962,35.59254,-80.87076,596
994835962,35.59282,-80.87044,597
994835962,35.59288,-80.87038,598
994835962,35.59317,-80.87009,599
994835962,35.59344,-80.86984,600
994835962,35.59348,-80.8698,601
994835962,35.59393,-80.86937,602
994835962,35.59424,-80.8691,603
994835962,35.59443,-80.86896,604
994835962,35.59467,-80.86882,605
994835962,35.59506,-80.86871,606
994835962,35.59505,-80.86863,607
994835962,35.59502,-80.86832,608
994835962,35.595,-80.86823,609
994835962,35.59499,-80.86808,610
994835962,35.59495,-80.86784,611
994835962,35.59493,-80.86768,612
994835962,35.59488,-80.86725,613
994835962,35.59487,-80.86716,614
994835962,35.59471,-80.86587,615
994835962,35.59463,-80.86522,616
994835962,35.5946,-80.86501,617
994835962,35.59456,-80.86465,618
994835962,35.5945,-80.8642,619
994835962,35.5944,-80.86339,620
994835962,35.59439,-80.86329,621
994835962,35.59435,-80.86295,622
994835962,35.59431,-80.86266,623
994835962,35.59425,-80.86217,624
994835962,35.59416,-80.86145,625
994835962,35.59409,-80.86093,626
994835962,35.59402,-80.86038,627
994835962,35.59391,-80.85952,628
994835962,35.59382,-80.85889,629
994835962,35.59377,-80.8584,630
994835962,35.59369,-80.8579,631
994835962,35.59368,-80.85783,632
994835962,35.59364,-80.85753,633
994835962,35.59363,-80.8574,634
994835962,35.59362,-80.85734,635
994835962,35.5936,-80.85717,636
994835962,35.59388,-80.85714,637
994835962,35.59418,-80.85709,638
994835962,35.59425,-80.85707,639
994835962,35.59436,-80.85705,640
994835962,35.59448,-80.85703,641
994835962,35.5946,-80.85699,642
994835962,35.59504,-80.85691,643
994835962,35.59505,-80.85703,644
994835963,35.59505,-80.85705,1
994835963,35.59505,-80.85705,2
994835963,35.59505,-80.85705,3
994835963,35.59504,-80.85691,4
994835963,35.5946,-80.85699,5
994835963,35.59448,-80.85703,6
994835963,35.59436,-80.85705,7
994835963,35.59425,-80.85707,8
994835963,35.59418,-80.85709,9
994835963,35.59388,-80.85714,10
994835963,35.5936,-80.85717,11
994835963,35.59362,-80.85734,12
994835963,35.59363,-80.8574,13
994835963,35.59364,-80.85753,14
994835963,35.59368,-80.85783,15
994835963,35.59369,-80.8579,16
994835963,35.59377,-80.8584,17
994835963,35.59382,-80.85889,18
994835963,35.59391,-80.85952,19
994835963,35.59402,-80.86038,20
994835963,35.59409,-80.86093,21
994835963,35.59416,-80.86145,22
994835963,35.59425,-80.86217,23
994835963,35.59431,-80.86266,24
994835963,35.59435,-80.86295,25
994835963,35.59439,-80.86329,26
994835963,35.5944,-80.86339,27
994835963,35.5945,-80.8642,28
994835963,35.59456,-80.86465,29
994835963,35.5946,-80.86501,30
994835963,35.59463,-80.86522,31
994835963,35.59471,-80.86587,32
994835963,35.59487,-80.86716,33
994835963,35.59488,-80.86725,34
994835963,35.59493,-80.86768,35
994835963,35.59495,-80.86784,36
994835963,35.59499,-80.86808,37
994835963,35.595,-80.86823,38
994835963,35.59502,-80.86832,39
994835963,35.59505,-80.86863,40
994835963,35.59506,-80.86871,41
994835963,35.59467,-80.86882,42
994835963,35.59443,-80.86896,43
994835963,35.59424,-80.8691,44
994835963,35.59393,-80.86937,45
994835963,35.59348,-80.8698,46
994835963,35.59344,-80.86984,47
994835963,35.59317,-80.87009,48
994835963,35.59288,-80.87038,49
994835963,35.59282,-80.87044,50
994835963,35.59254,-80.87076,51
994835963,35.59247,-80.87083,52
994835963,35.59196,-80.87141,53
994835963,35.59179,-80.8716,54
994835963,35.59159,-80.87182,55
994835963,35.59152,-80.87191,56
994835963,35.5914,-80.87204,57
994835963,35.59072,-80.87281,58
994835963,35.59025,-80.87334,59
994835963,35.59002,-80.8736,60
994835963,35.58963,-80.87398,61
994835963,35.58933,-80.87421,62
994835963,35.5891,-80.8743,63
994835963,35.58899,-80.87434,64
994835963,35.58869,-80.8744,65
994835963,35.58844,-80.87439,66
994835963,35.58845,-80.87431,67
994835963,35.58845,-80.87431,68
994835963,35.58844,-80.87439,69
994835963,35.58819,-80.87435,70
994835963,35.58773,-80.87428,71
994835963,35.58675,-80.87415,72
994835963,35.58668,-80.87413,73
994835963,35.58662,-80.87412,74
994835963,35.58601,-80.87404,75
994835963,35.58567,-80.87399,76
994835963,35.58562,-80.87399,77
994835963,35.58545,-80.87404,78
994835963,35.58511,-80.87402,79
994835963,35.58469,-80.87396,80
994835963,35.58416,-80.87389,81
994835963,35.58406,-80.87386,82
994835963,35.58385,-80.87379,83
994835963,35.58357,-80.8737,84
994835963,35.58332,-80.87364,85
994835963,35.58292,-80.87357,86
994835963,35.58258,-80.8735,87
994835963,35.58247,-80.87342,88
994835963,35.5824,-80.87333,89
994835963,35.58215,-80.87325,90
994835963,35.58196,-80.87315,91
994835963,35.58184,-80.87309,92
994835963,35.58178,-80.87306,93
994835963,35.58169,-80.87302,94
994835963,35.58129,-80.87283,95
994835963,35.5812,-80.87279,96
994835963,35.58104,-80.87271,97
994835963,35.57911,-80.87178,98
994835963,35.57838,-80.87143,99
994835963,35.57827,-80.87137,100
994835963,35.57817,-80.87132,101
994835963,35.57782,-80.87112,102
994835963,35.57647,-80.87038,103
994835963,35.57619,-80.87023,104
994835963,35.57586,-80.87005,105
994835963,35.57582,-80.87003,106
994835963,35.57557,-80.86989,107
994835963,35.57234,-80.86809,108
994835963,35.57201,-80.8679,109
994835963,35.57172,-80.86774,110
994835963,35.57169,-80.86772,111
994835963,35.57164,-80.86769,112
994835963,35.5708,-80.86723,113
994835963,35.57051,-80.86707,114
994835963,35.57014,-80.86686,115
994835963,35.56998,-80.86677,116
994835963,35.56988,-80.86671,117
994835963,35.56887,-80.86615,118
994835963,35.5685,-80.86604,119
994835963,35.5681,-80.866,120
994835963,35.56767,-80.86601,121
994835963,35.56663,-80.86612,122
994835963,35.56617,-80.86617,123
994835963,35.56551,-80.86617,124
994835963,35.56489,-80.86608,125
994835963,35.56468,-80.86604,126
994835963,35.56407,-80.86592,127
994835963,35.56162,-80.86541,128
994835963,35.561,-80.86523,129
994835963,35.56049,-80.86497,130
994835963,35.56046,-80.86494,131
994835963,35.55988,-80.86449,132
994835963,35.55976,-80.86439,133
994835963,35.55885,-80.86359,134
994835963,35.55811,-80.86295,135
994835963,35.55783,-80.86271,136
994835963,35.55721,-80.86231,137
994835963,35.5563,-80.86174,138
994835963,35.55609,-80.86153,139
994835963,35.55598,-80.86143,140
994835963,35.55581,-80.86126,141
994835963,35.55573,-80.86118,142
994835963,35.55561,-80.86103,143
994835963,35.55511,-80.86041,144
994835963,35.5546,-80.85982,145
994835963,35.55433,-80.85944,146
994835963,35.55412,-80.85912,147
994835963,35.55392,-80.85898,148
994835963,35.55377,-80.85891,149
994835963,35.55209,-80.85831,150
994835963,35.5519,-80.85825,151
994835963,35.55173,-80.85819,152
994835963,35.55153,-80.85816,153
994835963,35.55133,-80.85814,154
994835963,35.55111,-80.85814,155
994835963,35.55083,-80.85815,156
994835963,35.55014,-80.85817,157
994835963,35.54943,-80.8583,158
994835963,35.54882,-80.85844,159
994835963,35.53447,-80.86161,160
994835963,35.53377,-80.86182,161
994835963,35.53316,-80.862,162
994835963,35.53269,-80.86215,163
994835963,35.53255,-80.86221,164
994835963,35.53249,-80.86224,165
994835963,35.53233,-80.86234,166
994835963,35.53218,-80.86245,167
994835963,35.53201,-80.86259,168
994835963,35.53187,-80.86273,169
994835963,35.53174,-80.86288,170
994835963,35.53149,-80.86324,171
994835963,35.53136,-80.86343,172
994835963,35.53106,-80.86391,173
994835963,35.53093,-80.86406,174
994835963,35.53082,-80.86419,175
994835963,35.53072,-80.86428,176
994835963,35.53062,-80.86432,177
994835963,35.53053,-80.86435,178
994835963,35.53045,-80.86436,179
994835963,35.53034,-80.86436,180
994835963,35.53023,-80.86436,181
994835963,35.53015,-80.86434,182
994835963,35.52998,-80.86427,183
994835963,35.5298,-80.86415,184
994835963,35.52973,-80.86412,185
994835963,35.52959,-80.86406,186
994835963,35.52978,-80.86365,187
994835963,35.53017,-80.86287,188
994835963,35.53069,-80.86187,189
994835963,35.53082,-80.86161,190
994835963,35.53126,-80.86073,191
994835963,35.53259,-80.85823,192
994835963,35.53281,-80.85784,193
994835963,35.53303,-80.85741,194
994835963,35.53313,-80.85721,195
994835963,35.53376,-80.85597,196
994835963,35.534,-80.85567,197
994835963,35.53419,-80.85545,198
994835963,35.53437,-80.85529,199
994835963,35.53478,-80.85504,200
994835963,35.53504,-80.85494,201
994835963,35.53524,-80.85491,202
994835963,35.53558,-80.8549,203
994835963,35.53591,-80.85496,204
994835963,35.5363,-80.85509,205
994835963,35.53644,-80.85517,206
994835963,35.53706,-80.85551,207
994835963,35.5371,-80.85554,208
994835963,35.5372,-80.8554,209
994835963,35.53724,-80.85535,210
994835963,35.53734,-80.8551,211
994835963,35.53734,-80.8551,212
994835963,35.53751,-80.85463,213
994835963,35.53751,-80.85453,214
994835963,35.53749,-80.85444,215
994835963,35.53744,-80.85432,216
994835963,35.5373,-80.85424,217
994835963,35.53715,-80.85426,218
994835963,35.53702,-80.85439,219
994835963,35.53662,-80.85474,220
994835963,35.53635,-80.85493,221
994835963,35.536,-80.85509,222
994835963,35.53553,-80.85516,223
994835963,35.53502,-80.85526,224
994835963,35.53456,-80.85548,225
994835963,35.53413,-80.8559,226
994835963,35.53382,-80.85625,227
994835963,35.53363,-80.85658,228
994835963,35.53315,-80.85748,229
994835963,35.53287,-80.85799,230
994835963,35.53266,-80.85841,231
994835963,35.53138,-80.86082,232
994835963,35.53085,-80.86184,233
994835963,35.53035,-80.86282,234
994835963,35.52977,-80.86401,235
994835963,35.52973,-80.86412,236
994835963,35.52959,-80.86406,237
994835963,35.52943,-80.864,238
994835963,35.52901,-80.86378,239
994835963,35.52861,-80.86359,240
994835963,35.52832,-80.86349,241
994835963,35.52804,-80.86342,242
994835963,35.52774,-80.86337,243
994835963,35.52747,-80.86334,244
994835963,35.52723,-80.86333,245
994835963,35.52697,-80.86333,246
994835963,35.52671,-80.86337,247
994835963,35.52625,-80.86341,248
994835963,35.52199,-80.86434,249
994835963,35.51862,-80.8651,250
994835963,35.51827,-80.86517,251
994835963,35.51777,-80.86526,252
994835963,35.51609,-80.86552,253
994835963,35.51525,-80.86562,254
994835963,35.5144,-80.86568,255
994835963,35.51272,-80.86581,256
994835963,35.51188,-80.86588,257
994835963,35.51175,-80.86588,258
994835963,35.51034,-80.86599,259
994835963,35.50906,-80.86607,260
994835963,35.5083,-80.86613,261
994835963,35.50809,-80.86615,262
994835963,35.50732,-80.86621,263
994835963,35.50655,-80.86627,264
994835963,35.50637,-80.86629,265
994835963,35.5055,-80.86635,266
994835963,35.50432,-80.86643,267
994835963,35.50397,-80.86647,268
994835963,35.50366,-80.86649,269
994835963,35.50351,-80.86652,270
994835963,35.50307,-80.86661,271
994835963,35.50285,-80.86666,272
994835963,35.50253,-80.86676,273
994835963,35.50193,-80.86697,274
994835963,35.50173,-80.86707,275
994835963,35.50122,-80.86732,276
994835963,35.50114,-80.86736,277
994835963,35.50092,-80.86746,278
994835963,35.50063,-80.86761,279
994835963,35.50035,-80.86775,280
994835963,35.50013,-80.86786,281
994835963,35.50002,-80.86791,282
994835963,35.49982,-80.86801,283
994835963,35.49946,-80.86819,284
994835963,35.49744,-80.86919,285
994835963,35.49537,-80.87023,286
994835963,35.49468,-80.87057,287
994835963,35.49398,-80.87092,288
994835963,35.49317,-80.87133,289
994835963,35.49227,-80.87177,290
994835963,35.48909,-80.87334,291
994835963,35.48849,-80.87365,292
994835963,35.48809,-80.87385,293
994835963,35.48776,-80.874,294
994835963,35.48737,-80.8742,295
994835963,35.48676,-80.87448,296
994835963,35.48631,-80.87464,297
994835963,35.4859,-80.87476,298
994835963,35.48574,-80.8748,299
994835963,35.48542,-80.87486,300
994835963,35.48505,-80.87492,301
994835963,35.48437,-80.87495,302
994835963,35.48426,-80.87496,303
994835963,35.48292,-80.87497,304
994835963,35.48166,-80.87498,305
994835963,35.47931,-80.87498,306
994835963,35.47787,-80.87498,307
994835963,35.47706,-80.87498,308
994835963,35.47615,-80.87501,309
994835963,35.47521,-80.87503,310
994835963,35.47498,-80.87505,311
994835963,35.47462,-80.87505,312
994835963,35.47401,-80.87509,313
994835963,35.47355,-80.87513,314
994835963,35.47324,-80.87514,315
994835963,35.47197,-80.87524,316
994835963,35.47094,-80.87533,317
994835963,35.47087,-80.87534,318
994835963,35.4704,-80.87538,319
994835963,35.46991,-80.87545,320
994835963,35.46885,-80.87556,321
994835963,35.46743,-80.87572,322
994835963,35.467,-80.87578,323
994835963,35.46609,-80.87588,324
994835963,35.46565,-80.87592,325
994835963,35.46511,-80.87594,326
994835963,35.46467,-80.87595,327
994835963,35.46443,-80.87595,328
994835963,35.4642,-80.87594,329
994835963,35.46394,-80.87593,330
994835963,35.46311,-80.87585,331
994835963,35.46261,-80.87578,332
994835963,35.46234,-80.87572,333
994835963,35.4623,-80.87572,334
994835963,35.46185,-80.87563,335
994835963,35.46117,-80.87547,336
994835963,35.461,-80.8754,337
994835963,35.46072,-80.87533,338
994835963,35.46032,-80.87518,339
994835963,35.46008,-80.8751,340
994835963,35.45958,-80.87489,341
994835963,35.45946,-80.87483,342
994835963,35.45906,-80.87466,343
994835963,35.45866,-80.87446,344
994835963,35.45835,-80.87431,345
994835963,35.45565,-80.87281,346
994835963,35.45515,-80.87254,347
994835963,35.45475,-80.87233,348
994835963,35.45391,-80.87193,349
994835963,35.45341,-80.8717,350
994835963,35.45328,-80.87164,351
994835963,35.45259,-80.87135,352
994835963,35.45187,-80.87106,353
994835963,35.4513,-80.87086,354
994835963,35.45093,-80.87074,355
994835963,35.45068,-80.87065,356
994835963,35.44996,-80.87043,357
994835963,35.4492,-80.87022,358
994835963,35.44836,-80.87003,359
994835963,35.44736,-80.86981,360
994835963,35.44705,-80.86977,361
994835963,35.44628,-80.86964,362
994835963,35.44607,-80.86961,363
994835963,35.44584,-80.86959,364
994835963,35.44539,-80.86953,365
994835963,35.44498,-80.8695,366
994835963,35.44389,-80.86942,367
994835963,35.44342,-80.86941,368
994835963,35.44313,-80.86941,369
994835963,35.44306,-80.86941,370
994835963,35.44293,-80.86941,371
994835963,35.44277,-80.86942,372
994835963,35.44237,-80.86942,373
994835963,35.44229,-80.86942,374
994835963,35.44171,-80.86944,375
994835963,35.44062,-80.86947,376
994835963,35.4395,-80.86951,377
994835963,35.43862,-80.86954,378
994835963,35.4385,-80.86954,379
994835963,35.4379,-80.86954,380
994835963,35.43739,-80.86953,381
994835963,35.43674,-80.86949,382
994835963,35.43618,-80.86944,383
994835963,35.43564,-80.86937,384
994835963,35.43518,-80.86929,385
994835963,35.43464,-80.86919,386
994835963,35.43406,-80.86906,387
994835963,35.43329,-80.86886,388
994835963,35.43286,-80.86872,389
994835963,35.43233,-80.86855,390
994835963,35.43176,-80.86833,391
994835963,35.43111,-80.86806,392
994835963,35.43077,-80.86791,393
994835963,35.43015,-80.86761,394
994835963,35.42976,-80.86741,395
994835963,35.42902,-80.867,396
994835963,35.42873,-80.86684,397
994835963,35.42758,-80.86614,398
994835963,35.42628,-80.86538,399
994835963,35.42566,-80.86501,400
994835963,35.42546,-80.86491,401
994835963,35.42532,-80.86481,402
994835963,35.4245,-80.86434,403
994835963,35.42396,-80.86402,404
994835963,35.42396,-80.86402,405
994835963,35.42293,-80.8634,406
994835963,35.42255,-80.86318,407
994835963,35.42184,-80.86278,408
994835963,35.42123,-80.86241,409
994835963,35.42093,-80.86224,410
994835963,35.41966,-80.86149,411
994835963,35.41875,-80.86095,412
994835963,35.41817,-80.86062,413
994835963,35.41787,-80.86045,414
994835963,35.41748,-80.86026,415
994835963,35.41695,-80.86,416
994835963,35.41624,-80.8597,417
994835963,35.41592,-80.85957,418
994835963,35.41559,-80.85944,419
994835963,35.41497,-80.85922,420
994835963,35.41428,-80.85902,421
994835963,35.41418,-80.85899,422
994835963,35.41405,-80.85896,423
994835963,35.41369,-80.85886,424
994835963,35.41341,-80.8588,425
994835963,35.41315,-80.85874,426
994835963,35.41272,-80.85865,427
994835963,35.41165,-80.85847,428
994835963,35.41066,-80.85831,429
994835963,35.40977,-80.85816,430
994835963,35.40959,-80.85814,431
994835963,35.40928,-80.8581,432
994835963,35.40844,-80.85796,433
994835963,35.40764,-80.85782,434
994835963,35.40718,-80.85773,435
994835963,35.4069,-80.85769,436
994835963,35.4069,-80.85769,437
994835963,35.406902,-80.857692,438
994835963,35.404975,-80.857379,439
994835963,35.404575,-80.857343,440
994835963,35.401598,-80.856809,441
994835963,35.40081,-80.85663,442
994835963,35.399934,-80.856388,443
994835963,35.399379,-80.856204,444
994835963,35.398606,-80.855918,445
994835963,35.397743,-80.85556,446
994835963,35.397099,-80.85525,447
994835963,35.396376,-80.854871,448
994835963,35.395761,-80.854521,449
994835963,35.395328,-80.854253,450
994835963,35.39231,-80.852318,451
994835963,35.391686,-80.851951,452
994835963,35.391166,-80.851661,453
994835963,35.390315,-80.851256,454
994835963,35.389918,-80.851093,455
994835963,35.389918,-80.851093,456
994835963,35.389126,-80.850802,457
994835963,35.388459,-80.850599,458
994835963,35.387903,-80.850459,459
994835963,35.387122,-80.8503,460
994835963,35.386204,-80.850172,461
994835963,35.384946,-80.850106,462
994835963,35.38382,-80.850074,463
994835963,35.382661,-80.849987,464
994835963,35.38208,-80.84991,465
994835963,35.381417,-80.849778,466
994835963,35.380973,-80.849674,467
994835963,35.380174,-80.849444,468
994835963,35.379464,-80.849196,469
994835963,35.378887,-80.848959,470
994835963,35.378022,-80.848553,471
994835963,35.37718,-80.848084,472
994835963,35.372761,-80.845441,473
994835963,35.372761,-80.845441,474
994835963,35.371778,-80.844841,475
994835963,35.37047,-80.844097,476
994835963,35.369564,-80.84366,477
994835963,35.369138,-80.843486,478
994835963,35.368373,-80.843217,479
994835963,35.367634,-80.842996,480
994835963,35.367265,-80.842904,481
994835963,35.366892,-80.842818,482
994835963,35.366182,-80.842691,483
994835963,35.365848,-80.84265,484
994835963,35.364827,-80.842567,485
994835963,35.364082,-80.842556,486
994835963,35.36332,-80.842593,487
994835963,35.362442,-80.842687,488
994835963,35.361891,-80.842778,489
994835963,35.361139,-80.842943,490
994835963,35.360283,-80.843178,491
994835963,35.35933,-80.843522,492
994835963,35.358741,-80.843777,493
994835963,35.355525,-80.845243,494
994835963,35.355525,-80.845243,495
994835963,35.353903,-80.845975,496
994835963,35.352855,-80.846418,497
994835963,35.352034,-80.846735,498
994835963,35.351191,-80.847034,499
994835963,35.349929,-80.847438,500
994835963,35.348331,-80.847902,501
994835963,35.347302,-80.848157,502
994835963,35.344841,-80.848644,503
994835963,35.344023,-80.84876,504
994835963,35.343203,-80.848845,505
994835963,35.341557,-80.848965,506
994835963,35.339866,-80.849024,507
994835963,35.339086,-80.849023,508
994835963,35.33793,-80.848987,509
994835963,35.33793,-80.848987,510
994835963,35.335931,-80.848881,511
994835963,35.326082,-80.848295,512
994835963,35.323556,-80.84816,513
994835963,35.319963,-80.847939,514
994835963,35.319963,-80.847939,515
994835963,35.315528,-80.847676,516
994835963,35.314325,-80.847632,517
994835963,35.313558,-80.847631,518
994835963,35.312835,-80.847652,519
994835963,35.311848,-80.847713,520
994835963,35.311336,-80.847762,521
994835963,35.310273,-80.847912,522
994835963,35.309898,-80.847944,523
994835963,35.308201,-80.848267,524
994835963,35.304199,-80.849189,525
994835963,35.302122,-80.849688,526
994835963,35.302122,-80.849688,527
994835963,35.299478,-80.850285,528
994835963,35.298879,-80.850402,529
994835963,35.29589,-80.851092,530
994835963,35.294862,-80.8513,531
994835963,35.29446,-80.851358,532
994835963,35.293821,-80.85142,533
994835963,35.293021,-80.851459,534
994835963,35.292334,-80.851453,535
994835963,35.291524,-80.851398,536
994835963,35.290578,-80.851273,537
994835963,35.289854,-80.851129,538
994835963,35.288812,-80.850844,539
994835963,35.288022,-80.850581,540
994835963,35.28768,-80.850446,541
994835963,35.284542,-80.849063,542
994835963,35.284542,-80.849063,543
994835963,35.276008,-80.845268,544
994835963,35.275407,-80.845023,545
994835963,35.274778,-80.844831,546
994835963,35.274203,-80.844717,547
994835963,35.273931,-80.844691,548
994835963,35.273137,-80.844666,549
994835963,35.272848,-80.84469,550
994835963,35.272264,-80.844798,551
994835963,35.271856,-80.844912,552
994835963,35.270895,-80.845229,553
994835963,35.27042,-80.845352,554
994835963,35.270059,-80.845421,555
994835963,35.269569,-80.845467,556
994835963,35.269069,-80.845466,557
994835963,35.26846,-80.845392,558
994835963,35.267967,-80.845273,559
994835963,35.267266,-80.845042,560
994835963,35.267266,-80.845042,561
994835963,35.26727,-80.84505,562
994835963,35.26716,-80.84499,563
994835963,35.26701,-80.84492,564
994835963,35.26688,-80.84485,565
994835963,35.26671,-80.84474,566
994835963,35.26656,-80.84465,567
994835963,35.26626,-80.84444,568
994835963,35.26595,-80.84422,569
994835963,35.2655,-80.84385,570
994835963,35.26461,-80.84312,571
994835963,35.26427,-80.84283,572
994835963,35.26368,-80.84235,573
994835963,35.26342,-80.84213,574
994835963,35.26316,-80.84192,575
994835963,35.26287,-80.84171,576
994835963,35.26265,-80.84158,577
994835963,35.26247,-80.84148,578
994835963,35.26229,-80.84138,579
994835963,35.26207,-80.84126,580
994835963,35.26186,-80.84118,581
994835963,35.26168,-80.84112,582
994835963,35.26144,-80.84105,583
994835963,35.26124,-80.841,584
994835963,35.26113,-80.84098,585
994835963,35.26089,-80.84093,586
994835963,35.26079,-80.84091,587
994835963,35.2606,-80.84091,588
994835963,35.26056,-80.84091,589
994835963,35.26029,-80.8409,590
994835963,35.26001,-80.8409,591
994835963,35.25979,-80.84092,592
994835963,35.25958,-80.84094,593
994835963,35.25945,-80.84097,594
994835963,35.25901,-80.84107,595
994835963,35.2585,-80.84126,596
994835963,35.25813,-80.84142,597
994835963,35.25774,-80.8416,598
994835963,35.25748,-80.84171,599
994835963,35.25706,-80.84191,600
994835963,35.25687,-80.842,601
994835963,35.25648,-80.84217,602
994835963,35.25603,-80.84237,603
994835963,35.25503,-80.8428,604
994835963,35.25455,-80.84303,605
994835963,35.25316,-80.84364,606
994835963,35.25241,-80.84399,607
994835963,35.252,-80.84415,608
994835963,35.25182,-80.84423,609
994835963,35.25153,-80.84437,610
994835963,35.24845,-80.84595,611
994835963,35.24828,-80.84602,612
994835963,35.24797,-80.8462,613
994835963,35.24778,-80.84628,614
994835963,35.24749,-80.84644,615
994835963,35.2474,-80.8465,616
994835963,35.24728,-80.84659,617
994835963,35.24721,-80.84663,618
994835963,35.24702,-80.84679,619
994835963,35.24681,-80.84694,620
994835963,35.24675,-80.847,621
994835963,35.24663,-80.84712,622
994835963,35.24627,-80.84754,623
994835963,35.24589,-80.84798,624
994835963,35.24577,-80.84811,625
994835963,35.2457,-80.84818,626
994835963,35.24557,-80.84827,627
994835963,35.24545,-80.84834,628
994835963,35.24522,-80.84843,629
994835963,35.24515,-80.84844,630
994835963,35.24503,-80.84845,631
994835963,35.24489,-80.84845,632
994835963,35.24475,-80.84842,633
994835963,35.24461,-80.84837,634
994835963,35.2445,-80.84832,635
994835963,35.2444,-80.84826,636
994835963,35.24434,-80.84822,637
994835963,35.24416,-80.84803,638
994835963,35.24399,-80.84777,639
994835963,35.24388,-80.84755,640
994835963,35.24376,-80.84731,641
994835963,35.24344,-80.84667,642
994835963,35.24332,-80.84647,643
994835963,35.24313,-80.84618,644
994835963,35.24274,-80.84563,645
994835963,35.2425,-80.8453,646
994835963,35.24223,-80.84493,647
994835963,35.24212,-80.8448,648
994835963,35.24191,-80.84454,649
994835963,35.24177,-80.84436,650
994835963,35.24136,-80.84392,651
994835963,35.24061,-80.84321,652
994835963,35.24023,-80.84292,653
994835963,35.23941,-80.84226,654
994835963,35.23751,-80.84077,655
994835963,35.2368,-80.84019,656
994835963,35.23637,-80.83987,657
994835963,35.23622,-80.83974,658
994835963,35.23576,-80.83927,659
994835963,35.23529,-80.83864,660
994835963,35.23497,-80.83808,661
994835963,35.2346,-80.83762,662
994835963,35.23443,-80.83745,663
994835963,35.23393,-80.83702,664
994835963,35.23373,-80.83684,665
994835963,35.23345,-80.83658,666
994835963,35.23326,-80.83684,667
994835963,35.23315,-80.837,668
994835963,35.23278,-80.83751,669
994835963,35.2327,-80.83764,670
994835963,35.23194,-80.83871,671
994835963,35.23136,-80.83952,672
994835963,35.23116,-80.8398,673
994835963,35.23075,-80.84039,674
994835963,35.23053,-80.84069,675
994835963,35.23042,-80.84086,676
994835963,35.23031,-80.84103,677
994835963,35.23014,-80.84127,678
994835963,35.22971,-80.8419,679
994835963,35.22907,-80.8428,680
994835963,35.22893,-80.84303,681
994835963,35.22883,-80.84318,682
994835963,35.22844,-80.84371,683
994835963,35.22813,-80.84416,684
994835963,35.22804,-80.8443,685
994835963,35.22733,-80.84531,686
994835963,35.22721,-80.84548,687
994835963,35.22705,-80.84573,688
994835963,35.22705,-80.84573,689
994835963,35.22702,-80.84578,690
994835963,35.22671,-80.84622,691
994835963,35.22662,-80.84636,692
994835963,35.22658,-80.84641,693
994835963,35.22651,-80.84633,694
994835963,35.22631,-80.84612,695
994835963,35.22566,-80.84531,696
994835963,35.22555,-80.84517,697
994835963,35.22531,-80.84489,698
994835963,35.2252,-80.84476,699
994835963,35.22511,-80.84464,700
994835963,35.22471,-80.8442,701
994835963,35.22444,-80.8439,702
994835963,35.22425,-80.8437,703
994835963,35.22378,-80.84315,704
994835963,35.22365,-80.84301,705
994835963,35.22316,-80.84245,706
994835963,35.22315,-80.84243,707
994835963,35.22301,-80.84227,708
994835963,35.22262,-80.8418,709
994835963,35.2222,-80.84131,710
994835963,35.22215,-80.84124,711
994835963,35.22131,-80.84029,712
994835963,35.22074,-80.83962,713
994835963,35.2206,-80.83945,714
994835963,35.21976,-80.83849,715
994835963,35.21903,-80.83765,716
994835963,35.219025,-80.837653,717
994835964,35.26464,-81.180374,1
994835964,35.26464,-81.180374,2
994835964,35.26464,-81.180374,3
994835964,35.265599,-81.180378,4
994835964,35.265639,-81.180353,5
994835964,35.26572,-81.179658,6
994835964,35.265753,-81.179046,7
994835964,35.265736,-81.178432,8
994835964,35.265714,-81.17816,9
994835964,35.265616,-81.177494,10
994835964,35.264846,-81.174294,11
994835964,35.264723,-81.173674,12
994835964,35.26466,-81.173176,13
994835964,35.264643,-81.172911,14
994835964,35.264638,-81.172281,15
994835964,35.264689,-81.171568,16
994835964,35.264835,-81.170755,17
994835964,35.264904,-81.170452,18
994835964,35.265015,-81.170086,19
994835964,35.2653,-81.16937,20
994835964,35.26561,-81.168771,21
994835964,35.266011,-81.168182,22
994835964,35.266301,-81.167825,23
994835964,35.267755,-81.166255,24
994835964,35.268207,-81.165741,25
994835964,35.269595,-81.164015,26
994835964,35.270672,-81.162562,27
994835964,35.270672,-81.162562,28
994835964,35.271139,-81.161932,29
994835964,35.271825,-81.161062,30
994835964,35.271722,-81.160958,31
994835964,35.271566,-81.160619,32
994835964,35.27153,-81.160481,33
994835964,35.271524,-81.160343,34
994835964,35.271555,-81.160176,35
994835964,35.271618,-81.160037,36
994835964,35.271727,-81.159906,37
994835964,35.272007,-81.159656,38
994835964,35.272083,-81.15954,39
994835964,35.272135,-81.159401,40
994835964,35.272152,-81.15918,41
994835964,35.272027,-81.15851,42
994835964,35.271717,-81.157396,43
994835964,35.271575,-81.156752,44
994835964,35.270911,-81.154657,45
994835964,35.270574,-81.153512,46
994835964,35.270315,-81.152774,47
994835964,35.269673,-81.15135,48
994835964,35.268475,-81.148849,49
994835964,35.268166,-81.148147,50
994835964,35.267976,-81.147673,51
994835964,35.267375,-81.146105,52
994835964,35.266993,-81.144993,53
994835964,35.266466,-81.143102,54
994835964,35.266466,-81.143102,55
994835964,35.266264,-81.142252,56
994835964,35.265988,-81.140945,57
994835964,35.264794,-81.133669,58
994835964,35.262849,-81.121528,59
994835964,35.262849,-81.121528,60
994835964,35.260256,-81.105451,61
994835964,35.260127,-81.104486,62
994835964,35.260074,-81.103439,63
994835964,35.260094,-81.102769,64
994835964,35.260143,-81.102144,65
994835964,35.260204,-81.101673,66
994835964,35.260313,-81.101063,67
994835964,35.260593,-81.0999,68
994835964,35.260593,-81.0999,69
994835964,35.261212,-81.097591,70
994835964,35.26272,-81.091763,71
994835964,35.263375,-81.08931,72
994835964,35.264006,-81.086847,73
994835964,35.264143,-81.0862,74
994835964,35.264234,-81.085579,75
994835964,35.264286,-81.085081,76
994835964,35.264318,-81.084365,77
994835964,35.26432,-81.083779,78
994835964,35.26428,-81.082062,79
994835964,35.264231,-81.078562,80
994835964,35.264231,-81.078562,81
994835964,35.264104,-81.067344,82
994835964,35.264058,-81.063935,83
994835964,35.264028,-81.063123,84
994835964,35.263948,-81.062009,85
994835964,35.26387,-81.061246,86
994835964,35.263763,-81.060419,87
994835964,35.263591,-81.05941,88
994835964,35.263431,-81.058595,89
994835964,35.263281,-81.057907,90
994835964,35.262964,-81.056686,91
994835964,35.26296,-81.05669,92
994835964,35.26296,-81.05669,93
994835964,35.2629,-81.0565,94
994835964,35.2628,-81.05614,95
994835964,35.26265,-81.05566,96
994835964,35.26256,-81.05538,97
994835964,35.26235,-81.05479,98
994835964,35.26209,-81.05411,99
994835964,35.26186,-81.05355,100
994835964,35.26162,-81.05298,101
994835964,35.26147,-81.05264,102
994835964,35.26141,-81.05252,103
994835964,35.26138,-81.05245,104
994835964,35.26074,-81.05111,105
994835964,35.26066,-81.05095,106
994835964,35.25985,-81.04927,107
994835964,35.25953,-81.04879,108
994835964,35.2594,-81.0486,109
994835964,35.25928,-81.04844,110
994835964,35.25912,-81.04827,111
994835964,35.25905,-81.0482,112
994835964,35.25888,-81.04805,113
994835964,35.25869,-81.04791,114
994835964,35.2585,-81.0478,115
994835964,35.2583,-81.0477,116
994835964,35.2577,-81.04746,117
994835964,35.257,-81.04721,118
994835964,35.25627,-81.04696,119
994835964,35.25599,-81.04685,120
994835964,35.25599,-81.04673,121
994835964,35.256,-81.04621,122
994835964,35.25601,-81.046,123
994835964,35.25603,-81.04581,124
994835964,35.25608,-81.04522,125
994835964,35.25612,-81.04461,126
994835964,35.25616,-81.0441,127
994835964,35.2562,-81.04359,128
994835964,35.25623,-81.04334,129
994835964,35.25626,-81.04308,130
994835964,35.25625,-81.04292,131
994835964,35.25624,-81.0429,132
994835964,35.25624,-81.0429,133
994835964,35.25622,-81.04283,134
994835964,35.2562,-81.0427,135
994835964,35.25618,-81.0424,136
994835964,35.25617,-81.04231,137
994835964,35.25616,-81.04219,138
994835964,35.25613,-81.04207,139
994835964,35.25612,-81.04205,140
994835964,35.25607,-81.04195,141
994835964,35.25597,-81.04186,142
994835964,35.25587,-81.0418,143
994835964,35.25573,-81.04176,144
994835964,35.25558,-81.0417,145
994835964,35.25546,-81.04159,146
994835964,35.25539,-81.04151,147
994835964,35.25532,-81.04132,148
994835964,35.25512,-81.04056,149
994835964,35.25501,-81.04016,150
994835964,35.25498,-81.03994,151
994835964,35.25499,-81.03975,152
994835964,35.25498,-81.03939,153
994835964,35.25492,-81.03918,154
994835964,35.25491,-81.03915,155
994835964,35.2548,-81.03892,156
994835964,35.25464,-81.03872,157
994835964,35.25446,-81.03858,158
994835964,35.25421,-81.03846,159
994835964,35.25403,-81.03833,160
994835964,35.25394,-81.03827,161
994835964,35.25394,-81.03827,162
994835964,35.25391,-81.03824,163
994835964,35.25381,-81.03813,164
994835964,35.25371,-81.038,165
994835964,35.25359,-81.03777,166
994835964,35.25349,-81.03749,167
994835964,35.25336,-81.0371,168
994835964,35.25332,-81.03681,169
994835964,35.25331,-81.0365,170
994835964,35.25331,-81.03644,171
994835964,35.25332,-81.03622,172
994835964,35.25334,-81.03603,173
994835964,35.25334,-81.03602,174
994835964,35.25335,-81.03585,175
994835964,35.25335,-81.03584,176
994835964,35.25336,-81.03566,177
994835964,35.25336,-81.03565,178
994835964,35.25337,-81.03556,179
994835964,35.25337,-81.03556,180
994835964,35.252485417943404,-81.03559331454046,181
994835965,35.25250342076015,-81.03560551724658,1
994835965,35.25250342076015,-81.03560551724658,2
994835965,35.25250342076015,-81.03560551724658,3
994835965,35.25336,-81.03557,4
994835965,35.25336,-81.03557,5
994835965,35.25336,-81.03565,6
994835965,35.25336,-81.03566,7
994835965,35.25335,-81.03584,8
994835965,35.25335,-81.03585,9
994835965,35.25334,-81.03602,10
994835965,35.25334,-81.03603,11
994835965,35.25332,-81.03622,12
994835965,35.25331,-81.03644,13
994835965,35.25331,-81.0365,14
994835965,35.25332,-81.03681,15
994835965,35.25336,-81.0371,16
994835965,35.25349,-81.03749,17
994835965,35.25359,-81.03777,18
994835965,35.25371,-81.038,19
994835965,35.25381,-81.03813,20
994835965,35.25391,-81.03824,21
994835965,35.25403,-81.03833,22
994835965,35.25421,-81.03846,23
994835965,35.25446,-81.03858,24
994835965,35.25464,-81.03872,25
994835965,35.2548,-81.03892,26
994835965,35.25491,-81.03915,27
994835965,35.25492,-81.03918,28
994835965,35.25498,-81.03939,29
994835965,35.25499,-81.03975,30
994835965,35.25498,-81.03994,31
994835965,35.25501,-81.04016,32
994835965,35.25512,-81.04056,33
994835965,35.25532,-81.04132,34
994835965,35.25539,-81.04151,35
994835965,35.25546,-81.04159,36
994835965,35.25558,-81.0417,37
994835965,35.25573,-81.04176,38
994835965,35.25578,-81.04177,39
994835965,35.25578,-81.04177,40
994835965,35.25587,-81.0418,41
994835965,35.25597,-81.04186,42
994835965,35.25607,-81.04195,43
994835965,35.25612,-81.04205,44
994835965,35.25613,-81.04207,45
994835965,35.25616,-81.04219,46
994835965,35.25617,-81.04231,47
994835965,35.25618,-81.0424,48
994835965,35.2562,-81.0427,49
994835965,35.25622,-81.04283,50
994835965,35.25624,-81.0429,51
994835965,35.25625,-81.04292,52
994835965,35.25626,-81.04308,53
994835965,35.25623,-81.04334,54
994835965,35.25694,-81.04359,55
994835965,35.2577,-81.04386,56
994835965,35.25841,-81.04411,57
994835965,35.25869,-81.04422,58
994835965,35.25901,-81.04435,59
994835965,35.25912,-81.0444,60
994835965,35.25912,-81.0444,61
994835965,35.25912,-81.04485,62
994835965,35.25911,-81.04515,63
994835965,35.25911,-81.04593,64
994835965,35.25911,-81.04622,65
994835965,35.25912,-81.04646,66
994835965,35.25915,-81.04672,67
994835965,35.2592,-81.047,68
994835965,35.25923,-81.04714,69
994835965,35.2593,-81.0474,70
994835965,35.25939,-81.04768,71
994835965,35.25949,-81.04794,72
994835965,35.25969,-81.04855,73
994835965,35.25987,-81.04889,74
994835965,35.25991,-81.04898,75
994835965,35.26031,-81.04983,76
994835965,35.26068,-81.05061,77
994835965,35.2608,-81.05087,78
994835965,35.26087,-81.05102,79
994835965,35.26087,-81.05102,80
994835965,35.260877,-81.051015,81
994835965,35.262693,-81.054827,82
994835965,35.263278,-81.056125,83
994835965,35.263465,-81.056619,84
994835965,35.263674,-81.057284,85
994835965,35.263862,-81.058033,86
994835965,35.26394,-81.058443,87
994835965,35.26409,-81.059469,88
994835965,35.264171,-81.060517,89
994835965,35.264322,-81.07209,90
994835965,35.264322,-81.07209,91
994835965,35.264343,-81.076364,92
994835965,35.264379,-81.079508,93
994835965,35.264476,-81.084141,94
994835965,35.264458,-81.084824,95
994835965,35.264422,-81.085323,96
994835965,35.264358,-81.085844,97
994835965,35.264269,-81.086371,98
994835965,35.264082,-81.087204,99
994835965,35.26237,-81.093738,100
994835965,35.26237,-81.093738,101
994835965,35.26091,-81.099302,102
994835965,35.260547,-81.100754,103
994835965,35.260369,-81.101664,104
994835965,35.260286,-81.102325,105
994835965,35.260242,-81.103112,106
994835965,35.260242,-81.103765,107
994835965,35.260285,-81.104433,108
994835965,35.260335,-81.104903,109
994835965,35.261984,-81.11518,110
994835965,35.261984,-81.11518,111
994835965,35.263696,-81.125823,112
994835965,35.264242,-81.129131,113
994835965,35.26546,-81.136793,114
994835965,35.26546,-81.136793,115
994835965,35.265554,-81.137465,116
994835965,35.265678,-81.138119,117
994835965,35.265977,-81.139986,118
994835965,35.266187,-81.141158,119
994835965,35.266592,-81.142978,120
994835965,35.26694,-81.144251,121
994835965,35.267125,-81.144865,122
994835965,35.267485,-81.145937,123
994835965,35.267917,-81.147121,124
994835965,35.268257,-81.147961,125
994835965,35.268931,-81.14945,126
994835965,35.270058,-81.151789,127
994835965,35.270605,-81.153033,128
994835965,35.271908,-81.157202,129
994835965,35.271908,-81.157202,130
994835965,35.2728,-81.159838,131
994835965,35.272922,-81.160112,132
994835965,35.273056,-81.16028,133
994835965,35.27314,-81.160339,134
994835965,35.273233,-81.160375,135
994835965,35.273326,-81.160384,136
994835965,35.273517,-81.160339,137
994835965,35.273603,-81.160284,138
994835965,35.273757,-81.160138,139
994835965,35.273816,-81.160049,140
994835965,35.2739,-81.159837,141
994835965,35.273909,-81.159606,142
994835965,35.273884,-81.159488,143
994835965,35.273836,-81.159386,144
994835965,35.273713,-81.159208,145
994835965,35.273575,-81.159071,146
994835965,35.273512,-81.158935,147
994835965,35.273438,-81.159047,148
994835965,35.2728,-81.159838,149
994835965,35.272503,-81.160192,150
994835965,35.271139,-81.161932,151
994835965,35.269595,-81.164015,152
994835965,35.268614,-81.165246,153
994835965,35.268207,-81.165741,154
994835965,35.267755,-81.166255,155
994835965,35.266301,-81.167825,156
994835965,35.266011,-81.168182,157
994835965,35.26561,-81.168771,158
994835965,35.265231,-81.169525,159
994835965,35.265015,-81.170086,160
994835965,35.264904,-81.170452,161
994835965,35.264789,-81.170974,162
994835965,35.264789,-81.170974,163
994835965,35.264689,-81.171568,164
994835965,35.264638,-81.172281,165
994835965,35.264643,-81.172911,166
994835965,35.264679,-81.173358,167
994835965,35.264723,-81.173674,168
994835965,35.264846,-81.174294,169
994835965,35.265527,-81.177083,170
994835965,35.265646,-81.177679,171
994835965,35.263869,-81.178021,172
994835965,35.263849,-81.178221,173
994835965,35.263817,-81.180371,174
994835965,35.26464,-81.180374,175
994835956,35.0977999330902,-80.67666193473869,1
994835956,35.0977999330902,-80.67666193473869,2
994835956,35.0977999330902,-80.67666193473869,3
994835956,35.09708,-80.6762,4
994835956,35.09708,-80.6762,5
994835956,35.09721,-80.67594,6
994835956,35.09738,-80.67562,7
994835956,35.09744,-80.67551,8
994835956,35.09724,-80.67532,9
994835956,35.09704,-80.67514,10
994835956,35.0968,-80.67494,11
994835956,35.09655,-80.67475,12
994835956,35.09536,-80.67388,13
994835956,35.09452,-80.6733,14
994835956,35.09405,-80.67293,15
994835956,35.09341,-80.67249,16
994835956,35.09316,-80.67231,17
994835956,35.09291,-80.67211,18
994835956,35.09268,-80.67192,19
994835956,35.09245,-80.6717,20
994835956,35.09223,-80.67148,21
994835956,35.09203,-80.67126,22
994835956,35.09185,-80.67103,23
994835956,35.09166,-80.67078,24
994835956,35.09148,-80.67053,25
994835956,35.09132,-80.67027,26
994835956,35.09115,-80.66998,27
994835956,35.09099,-80.66968,28
994835956,35.09052,-80.6687,29
994835956,35.0903,-80.66827,30
994835956,35.09006,-80.66785,31
994835956,35.08982,-80.66745,32
994835956,35.08963,-80.66717,33
994835956,35.08956,-80.66706,34
994835956,35.0893,-80.66668,35
994835956,35.08902,-80.66632,36
994835956,35.08874,-80.66598,37
994835956,35.08864,-80.66587,38
994835956,35.08843,-80.66563,39
994835956,35.08804,-80.66521,40
994835956,35.08768,-80.66483,41
994835956,35.08713,-80.66424,42
994835956,35.08706,-80.66417,43
994835956,35.08642,-80.66349,44
994835956,35.08592,-80.66296,45
994835956,35.0859,-80.66293,46
994835956,35.08488,-80.66185,47
994835956,35.08461,-80.66156,48
994835956,35.08458,-80.66153,49
994835956,35.0844,-80.66134,50
994835956,35.0842,-80.66113,51
994835956,35.08392,-80.66083,52
994835956,35.08378,-80.66068,53
994835956,35.08342,-80.66029,54
994835956,35.08303,-80.65988,55
994835956,35.0828,-80.65964,56
994835956,35.08257,-80.65939,57
994835956,35.08246,-80.65927,58
994835956,35.08232,-80.65912,59
994835956,35.08207,-80.65886,60
994835956,35.0816,-80.65835,61
994835956,35.08141,-80.65815,62
994835956,35.08103,-80.65775,63
994835956,35.0809,-80.65761,64
994835956,35.08068,-80.65738,65
994835956,35.0806,-80.65729,66
994835956,35.08021,-80.65688,67
994835956,35.07994,-80.65659,68
994835956,35.07985,-80.6565,69
994835956,35.07971,-80.65636,70
994835956,35.07909,-80.65569,71
994835956,35.07895,-80.65551,72
994835956,35.07871,-80.65525,73
994835956,35.07866,-80.6552,74
994835956,35.07859,-80.65512,75
994835956,35.07856,-80.65509,76
994835956,35.07806,-80.65455,77
994835956,35.07798,-80.65446,78
994835956,35.07795,-80.65444,79
994835956,35.07793,-80.65441,80
994835956,35.07726,-80.65369,81
994835956,35.07646,-80.65284,82
994835956,35.07457,-80.65084,83
994835956,35.07437,-80.65064,84
994835956,35.07281,-80.64894,85
994835956,35.07179,-80.64786,86
994835956,35.07165,-80.64773,87
994835956,35.07123,-80.64727,88
994835956,35.07102,-80.64704,89
994835956,35.0706,-80.64658,90
994835956,35.07048,-80.64643,91
994835956,35.0703,-80.64621,92
994835956,35.07009,-80.64594,93
994835956,35.06986,-80.64565,94
994835956,35.069,-80.64447,95
994835956,35.06881,-80.64422,96
994835956,35.06806,-80.64318,97
994835956,35.06806,-80.64318,98
994835956,35.06808,-80.64321,99
994835956,35.06806,-80.64318,100
994835956,35.06803,-80.64314,101
994835956,35.06681,-80.64147,102
994835956,35.06658,-80.64116,103
994835956,35.06622,-80.64068,104
994835956,35.06603,-80.64043,105
994835956,35.0658,-80.64012,106
994835956,35.06523,-80.63932,107
994835956,35.0647,-80.63861,108
994835956,35.06468,-80.63858,109
994835956,35.064,-80.63765,110
994835956,35.06369,-80.63722,111
994835956,35.06346,-80.6369,112
994835956,35.06338,-80.6368,113
994835956,35.06322,-80.63658,114
994835956,35.06297,-80.63623,115
994835956,35.06291,-80.63615,116
994835956,35.06272,-80.63589,117
994835956,35.06257,-80.63569,118
994835956,35.06252,-80.6356,119
994835956,35.06249,-80.63557,120
994835956,35.06234,-80.63535,121
994835956,35.0622,-80.63517,122
994835956,35.06199,-80.6349,123
994835956,35.06151,-80.63423,124
994835956,35.0614,-80.63408,125
994835956,35.05959,-80.63162,126
994835956,35.05859,-80.63026,127
994835956,35.05837,-80.62995,128
994835956,35.0579,-80.6293,129
994835956,35.05776,-80.62911,130
994835956,35.05768,-80.629,131
994835956,35.05767,-80.62898,132
994835956,35.05714,-80.62826,133
994835956,35.05655,-80.62745,134
994835956,35.05628,-80.62707,135
994835956,35.0557,-80.62628,136
994835956,35.05557,-80.62609,137
994835956,35.05538,-80.62585,138
994835956,35.05534,-80.62579,139
994835956,35.05499,-80.62532,140
994835956,35.05472,-80.62495,141
994835956,35.05467,-80.62489,142
994835956,35.05454,-80.62471,143
994835956,35.05392,-80.62387,144
994835956,35.05372,-80.62359,145
994835956,35.0533,-80.62303,146
994835956,35.05287,-80.62246,147
994835956,35.05249,-80.62191,148
994835956,35.05207,-80.62134,149
994835956,35.05202,-80.62126,150
994835956,35.05198,-80.62123,151
994835956,35.05143,-80.62044,152
994835956,35.05139,-80.6204,153
994835956,35.05099,-80.61984,154
994835956,35.05046,-80.61914,155
994835956,35.04987,-80.61833,156
994835956,35.04925,-80.61747,157
994835956,35.04881,-80.61689,158
994835956,35.04861,-80.61664,159
994835956,35.04843,-80.61635,160
994835956,35.04579,-80.61276,161
994835956,35.04532,-80.61208,162
994835956,35.04501,-80.61167,163
994835956,35.04454,-80.61101,164
994835956,35.04435,-80.61075,165
994835956,35.04335,-80.60939,166
994835956,35.04327,-80.60929,167
994835956,35.04314,-80.6091,168
994835956,35.04251,-80.60824,169
994835956,35.0425,-80.60823,170
994835956,35.04147,-80.60682,171
994835956,35.04072,-80.60581,172
994835956,35.04054,-80.60555,173
994835956,35.04004,-80.60487,174
994835956,35.04001,-80.60482,175
994835956,35.03969,-80.60439,176
994835956,35.03945,-80.60406,177
994835956,35.0394,-80.604,178
994835956,35.03918,-80.60369,179
994835956,35.03875,-80.60312,180
994835956,35.03854,-80.60283,181
994835956,35.03813,-80.60228,182
994835956,35.03773,-80.60172,183
994835956,35.03779,-80.60171,184
994835956,35.03779,-80.60171,185
994835956,35.037778,-80.601624,186
994835956,35.035869,-80.598939,187
994835956,35.032411,-80.594231,188
994835956,35.031404,-80.592894,189
994835956,35.030716,-80.591892,190
994835956,35.026709,-80.586489,191
994835956,35.025804,-80.585234,192
994835956,35.025804,-80.585234,193
994835956,35.025082,-80.584232,194
994835956,35.024624,-80.583535,195
994835956,35.023205,-80.581697,196
994835956,35.020388,-80.577911,197
994835956,35.019907,-80.577103,198
994835956,35.018786,-80.575629,199
994835956,35.016312,-80.572314,200
994835956,35.013792,-80.568898,201
994835956,35.013792,-80.568898,202
994835956,35.012718,-80.567442,203
994835956,35.00745,-80.560176,204
994835956,35.007222,-80.559955,205
994835956,35.006133,-80.558443,206
994835956,35.0056,-80.559097,207
994835956,35.004906,-80.558081,208
994835957,35.004906,-80.558081,1
994835957,35.004906,-80.558081,2
994835957,35.004906,-80.558081,3
994835957,35.004735,-80.557831,4
994835957,35.005277,-80.557253,5
994835957,35.007222,-80.559955,6
994835957,35.00745,-80.560176,7
994835957,35.012718,-80.567442,8
994835957,35.016612,-80.572716,9
994835957,35.016612,-80.572716,10
994835957,35.018786,-80.575629,11
994835957,35.019907,-80.577103,12
994835957,35.020388,-80.577911,13
994835957,35.023205,-80.581697,14
994835957,35.024624,-80.583535,15
994835957,35.025082,-80.584232,16
994835957,35.026709,-80.586489,17
994835957,35.028611,-80.589067,18
994835957,35.028611,-80.589067,19
994835957,35.030716,-80.591892,20
994835957,35.031404,-80.592894,21
994835957,35.032411,-80.594231,22
994835957,35.035869,-80.598939,23
994835957,35.037928,-80.601836,24
994835957,35.040572,-80.60547,25
994835957,35.040572,-80.60547,26
994835957,35.042165,-80.607656,27
994835957,35.042277,-80.607712,28
994835957,35.042643,-80.608271,29
994835957,35.048848,-80.616741,30
994835957,35.050052,-80.618348,31
994835957,35.050843,-80.619367,32
994835957,35.052616,-80.621765,33
994835957,35.052616,-80.621765,34
994835957,35.054832,-80.624793,35
994835957,35.058489,-80.629718,36
994835957,35.058785,-80.630192,37
994835957,35.061513,-80.63395,38
994835957,35.064602,-80.638147,39
994835957,35.06458,-80.63817,40
994835957,35.06458,-80.63817,41
994835957,35.06479,-80.63845,42
994835957,35.06486,-80.63854,43
994835957,35.06534,-80.63921,44
994835957,35.06558,-80.63953,45
994835957,35.06608,-80.64021,46
994835957,35.06613,-80.64028,47
994835957,35.06633,-80.64055,48
994835957,35.06711,-80.64163,49
994835957,35.06737,-80.64198,50
994835957,35.06814,-80.64303,51
994835957,35.06845,-80.64275,52
994835957,35.06854,-80.64264,53
994835957,35.06863,-80.64252,54
994835957,35.0687,-80.6424,55
994835957,35.06875,-80.64227,56
994835957,35.06883,-80.64196,57
994835957,35.06884,-80.64192,58
994835957,35.06884,-80.64188,59
994835957,35.06892,-80.64141,60
994835957,35.06897,-80.64124,61
994835957,35.069,-80.64117,62
994835957,35.06885,-80.64107,63
994835957,35.0685,-80.6406,64
994835957,35.06823,-80.63995,65
994835957,35.06793,-80.6395,66
994835957,35.06772,-80.63924,67
994835957,35.06768,-80.63918,68
994835957,35.06758,-80.63905,69
994835957,35.06733,-80.63929,70
994835957,35.06733,-80.63929,71
994835957,35.06758,-80.63905,72
994835957,35.06768,-80.63918,73
994835957,35.06772,-80.63924,74
994835957,35.06793,-80.6395,75
994835957,35.06823,-80.63995,76
994835957,35.0685,-80.6406,77
994835957,35.06885,-80.64107,78
994835957,35.069,-80.64117,79
994835957,35.06897,-80.64124,80
994835957,35.06892,-80.64141,81
994835957,35.06884,-80.64188,82
994835957,35.06884,-80.64192,83
994835957,35.06883,-80.64196,84
994835957,35.06875,-80.64227,85
994835957,35.0687,-80.6424,86
994835957,35.06863,-80.64252,87
994835957,35.06854,-80.64264,88
994835957,35.06845,-80.64275,89
994835957,35.06814,-80.64303,90
994835957,35.06865,-80.64373,91
994835957,35.06885,-80.644,92
994835957,35.06985,-80.64537,93
994835957,35.06991,-80.64544,94
994835957,35.0707,-80.64641,95
994835957,35.07185,-80.6477,96
994835957,35.07306,-80.64899,97
994835957,35.07388,-80.64987,98
994835957,35.07444,-80.65047,99
994835957,35.07489,-80.65095,100
994835957,35.07554,-80.65163,101
994835957,35.07646,-80.6526,102
994835957,35.07684,-80.65301,103
994835957,35.07738,-80.65357,104
994835957,35.07816,-80.6544,105
994835957,35.07851,-80.65478,106
994835957,35.07885,-80.65514,107
994835957,35.07902,-80.65532,108
994835957,35.07951,-80.65584,109
994835957,35.0798,-80.65615,110
994835957,35.08002,-80.65651,111
994835957,35.08008,-80.65658,112
994835957,35.08021,-80.65673,113
994835957,35.08023,-80.65676,114
994835957,35.08023,-80.6568,115
994835957,35.08023,-80.65684,116
994835957,35.08021,-80.65688,117
994835957,35.07994,-80.65659,118
994835957,35.07985,-80.6565,119
994835957,35.07971,-80.65636,120
994835957,35.07939,-80.65601,121
994835957,35.07939,-80.65601,122
994835957,35.079389,-80.656005,123
994835957,35.081739,-80.658512,124
994835957,35.083834,-80.660641,125
994835957,35.088205,-80.665307,126
994835957,35.091001,-80.668209,127
994835957,35.092586,-80.669907,128
994835957,35.092997,-80.670376,129
994835957,35.09308,-80.67027,130
994835957,35.09308,-80.67027,131
994835957,35.09373,-80.67096,132
994835957,35.09389,-80.67112,133
994835957,35.09404,-80.67127,134
994835957,35.09405,-80.67128,135
994835957,35.0942,-80.67141,136
994835957,35.09469,-80.67183,137
994835957,35.09484,-80.67194,138
994835957,35.09589,-80.67282,139
994835957,35.09597,-80.67288,140
994835957,35.09606,-80.67295,141
994835957,35.09615,-80.673,142
994835957,35.09623,-80.67304,143
994835957,35.09632,-80.67308,144
994835957,35.09642,-80.67311,145
994835957,35.09651,-80.67313,146
994835957,35.0966,-80.67315,147
994835957,35.09669,-80.67316,148
994835957,35.09677,-80.67316,149
994835957,35.09695,-80.67315,150
994835957,35.09711,-80.67316,151
994835957,35.09719,-80.67316,152
994835957,35.09727,-80.67317,153
994835957,35.09745,-80.6732,154
994835957,35.09762,-80.67324,155
994835957,35.09781,-80.67329,156
994835957,35.09798,-80.67336,157
994835957,35.09815,-80.67343,158
994835957,35.09833,-80.67352,159
994835957,35.09843,-80.67359,160
994835957,35.09847,-80.67361,161
994835957,35.09847,-80.67361,162
994835957,35.09857,-80.67367,163
994835957,35.09857,-80.67382,164
994835957,35.0983,-80.67434,165
994835957,35.09803,-80.6749,166
994835957,35.09798,-80.67499,167
994835957,35.09791,-80.67512,168
994835957,35.09768,-80.67554,169
994835957,35.09761,-80.67567,170
994835957,35.09744,-80.67597,171
994835957,35.09741,-80.67603,172
994835957,35.09733,-80.67618,173
994835957,35.09726,-80.67628,174
994835957,35.09726,-80.67628,175
994835957,35.097812924647684,-80.67666634575735,176
